"1" "2" "3"
"NA19239.1.A01" 0.135313100660106 0.0406547853021284 0.824032114037766
"NA19239.1.A02" 0.305139257880487 0.0213706148207168 0.673490127298797
"NA19239.1.A04" 0.84590045321107 0.146276860335826 0.00782268645310391
"NA19239.1.A05" 0.925493631490431 0.0743690607734339 0.0001373077361351
"NA19239.1.A06" 0.522738888668427 8.44843565606381e-05 0.477176626975013
"NA19239.1.A07" 0.458140278557245 0.432575246226242 0.109284475216512
"NA19239.1.A09" 0.582676175005242 0.179050447343873 0.238273377650885
"NA19239.1.A10" 0.414620405245687 0.524682095242856 0.0606974995114565
"NA19239.1.A11" 0.573884911598566 0.237433299485829 0.188681788915605
"NA19239.1.A12" 0.297243244976016 0.46329316481376 0.239463590210224
"NA19239.1.B01" 0.134786655881769 0.171428260764932 0.6937850833533
"NA19239.1.B02" 0.333790227317723 0.000266972636731859 0.665942800045545
"NA19239.1.B03" 0.0266060081521331 0.0024052475942663 0.9709887442536
"NA19239.1.B04" 0.794663986434552 0.000811179412499539 0.204524834152948
"NA19239.1.B06" 0.156905508433598 0.842112365407367 0.00098212615903479
"NA19239.1.B09" 0.586620875083599 0.25080229546668 0.162576829449721
"NA19239.1.B10" 0.32857401752979 0.396024378360089 0.275401604110121
"NA19239.1.B11" 0.38837226206498 0.531027136374661 0.0806006015603584
"NA19239.1.B12" 0.276717998468814 0.565321845421697 0.15796015610949
"NA19239.1.C01" 0.172920498241737 0.114014322790565 0.713065178967698
"NA19239.1.C02" 0.0822831539788121 0.0392259748038135 0.878490871217374
"NA19239.1.C03" 0.0524144609619511 0.401259046797066 0.546326492240983
"NA19239.1.C04" 0.941078080310106 0.0509496220994024 0.00797229759049109
"NA19239.1.C05" 0.738256303994391 0.261647030075102 9.6665930506978e-05
"NA19239.1.C06" 0.614903448483653 0.211476052547898 0.17362049896845
"NA19239.1.C07" 0.766850662465272 0.188803992582875 0.0443453449518536
"NA19239.1.C08" 0.700299311860153 0.0301017283682836 0.269598959771564
"NA19239.1.C09" 0.714681827033114 0.000616894705978139 0.284701278260908
"NA19239.1.C10" 0.729523079723189 0.100023731816548 0.170453188460264
"NA19239.1.C11" 0.506475839131037 0.381035423439339 0.112488737429624
"NA19239.1.C12" 0.501020306007106 0.263675583394287 0.235304110598607
"NA19239.1.D01" 0.0208867100332287 0.444231889720089 0.534881400246682
"NA19239.1.D02" 0.0095687748408771 0.000288953484553302 0.99014227167457
"NA19239.1.D03" 0.000727261311316336 0.577520759676115 0.421751979012569
"NA19239.1.D04" 0.918887108965358 0.0685613981625447 0.0125514928720973
"NA19239.1.D05" 0.875654380883871 0.0614125828025191 0.0629330363136103
"NA19239.1.D06" 0.816899376877729 0.174390770053337 0.00870985306893407
"NA19239.1.D07" 0.22419570566464 0.725078643225685 0.0507256511096747
"NA19239.1.D08" 0.372225282192763 0.598395815959648 0.0293789018475892
"NA19239.1.D09" 0.201818766418852 0.750461751078142 0.0477194825030063
"NA19239.1.D10" 0.410247428065474 0.0794945053841062 0.51025806655042
"NA19239.1.D11" 0.389212908225338 0.513096116876655 0.0976909748980068
"NA19239.1.D12" 0.486965572754121 0.152985622172247 0.360048805073632
"NA19239.1.E01" 0.00030879178465866 0.654785649788165 0.344905558427176
"NA19239.1.E02" 0.25198402256378 0.118533322804944 0.629482654631277
"NA19239.1.E03" 0.000105169495145164 0.689081056070337 0.310813774434518
"NA19239.1.E04" 0.758927651072678 0.0229309988994891 0.218141350027833
"NA19239.1.E05" 0.513427183414654 0.486456891856513 0.000115924728832495
"NA19239.1.E06" 0.942657526775753 0.000273842837947026 0.0570686303863
"NA19239.1.E07" 0.818374692454702 0.106930535265172 0.0746947722801259
"NA19239.1.E08" 0.700245178263757 0.148497774306297 0.151257047429947
"NA19239.1.E09" 0.726353060800124 0.176204017879198 0.0974429213206772
"NA19239.1.E11" 0.71141301055793 0.203788542463429 0.0847984469786405
"NA19239.1.E12" 0.467152374654339 0.477831762015181 0.0550158633304798
"NA19239.1.F01" 0.331512151188752 0.214596504304455 0.453891344506793
"NA19239.1.F02" 0.00063076746300168 0.0221909413382435 0.977178291198755
"NA19239.1.F03" 0.291302890271854 0.193407610318855 0.515289499409291
"NA19239.1.F04" 0.97467267545673 0.000615482434747011 0.0247118421085233
"NA19239.1.F05" 0.170080987116784 0.829684377024315 0.000234635858901161
"NA19239.1.F06" 0.997783405513769 0.000390934884249133 0.00182565960198212
"NA19239.1.F07" 0.573423061569111 0.0230821523356001 0.403494786095288
"NA19239.1.F08" 0.745574204197202 0.199459087820346 0.054966707982452
"NA19239.1.F09" 0.509499714680322 0.276108763721736 0.214391521597941
"NA19239.1.F10" 0.196649395415526 0.703811498654342 0.0995391059301318
"NA19239.1.F11" 0.226274156967448 0.709628479390822 0.0640973636417304
"NA19239.1.F12" 0.793296795479053 0.109513781623939 0.0971894228970077
"NA19239.1.G01" 0.0407660440071676 0.570313746510891 0.388920209481942
"NA19239.1.G04" 0.869893236450646 0.129887162097464 0.000219601451889523
"NA19239.1.G05" 0.730001486282568 0.269826501679081 0.000172012038350987
"NA19239.1.G06" 0.738376998007177 0.0902513499109511 0.171371652081872
"NA19239.1.G07" 0.409194682886175 0.11617645037966 0.474628866734164
"NA19239.1.G08" 0.630724834944507 0.224881124164969 0.144394040890524
"NA19239.1.G09" 0.683469128116519 0.155846834189124 0.160684037694358
"NA19239.1.G10" 0.213243683958685 0.772803240962302 0.0139530750790131
"NA19239.1.G11" 0.670925399465984 0.200736089059682 0.128338511474335
"NA19239.1.G12" 0.237016101623186 0.669929525559997 0.0930543728168177
"NA19239.1.H01" 0.000502241969280971 0.561577686880732 0.437920071149987
"NA19239.1.H02" 8.31961588559633e-05 0.472561228413311 0.527355575427833
"NA19239.1.H03" 0.0616541599364281 0.425689282846864 0.512656557216708
"NA19239.1.H04" 0.315509109526333 0.684346459566006 0.000144430907661491
"NA19239.1.H06" 0.823122982171516 0.176522272179101 0.000354745649382466
"NA19239.1.H08" 0.227653711513908 0.534758318564506 0.237587969921586
"NA19239.1.H09" 0.231217782489077 0.633229974207957 0.135552243302965
"NA19239.1.H11" 0.305492487932107 0.598997868425964 0.0955096436419288
