"1" "2" "3" "4" "5"
"NA19239.1.A01" 0.119070471980005 0.517516122638323 0.136429114934298 0.125491549330031 0.101492741117342
"NA19239.1.A02" 0.25664467733154 0.425480595254837 0.107162411332181 0.109043124009869 0.101669192071573
"NA19239.1.A03" 0.224818224306465 0.422676711570133 0.101222212933769 0.1496224020782 0.101660449111433
"NA19239.1.A04" 0.173238487717017 0.101844039919412 0.480015213339912 0.143358854589931 0.101543404433728
"NA19239.1.A05" 0.290522165727292 0.101036871706994 0.382362020814196 0.124631423336904 0.101447518414614
"NA19239.1.A06" 0.100389476466851 0.325228925596173 0.372835555435628 0.100818465393996 0.100727577107351
"NA19239.1.A07" 0.472414569982503 0.101474719162777 0.101285633885886 0.223010456927041 0.101814620041793
"NA19239.1.A08" 0.354632487557468 0.192368888470323 0.151643621807695 0.184307826514716 0.117047175649798
"NA19239.1.A09" 0.526065858291363 0.136370928687076 0.101185641206955 0.134568913380034 0.101808658434573
"NA19239.1.A10" 0.134660308929404 0.10093449508537 0.103994305658532 0.229234890340824 0.43117599998587
"NA19239.1.A11" 0.191920156607732 0.110398863319618 0.101400046265128 0.117688639730752 0.478592294076771
"NA19239.1.A12" 0.193172245460933 0.124225645676026 0.101031106859689 0.2061347815476 0.375436220455751
"NA19239.1.B01" 0.18798575250797 0.443094992113858 0.101140261211602 0.166186994913447 0.101591999253122
"NA19239.1.B02" 0.265084191715739 0.422906204451996 0.109214696387863 0.101412226736708 0.101382680707693
"NA19239.1.B03" 0.100376936243649 0.585805081206146 0.100622227165873 0.112570346836613 0.100625408547719
"NA19239.1.B04" 0.108782887538593 0.193872622724924 0.487923559398055 0.101033819249118 0.108387111089309
"NA19239.1.B05" 0.319384673107646 0.102245364317128 0.373389995881102 0.103344882449422 0.101635084244701
"NA19239.1.B06" 0.10038210512488 0.100854882302716 0.25748014437563 0.440228349904808 0.101054518291966
"NA19239.1.B07" 0.49585324475578 0.105066572320185 0.101299899149054 0.178653252911491 0.11912703086349
"NA19239.1.B08" 0.559981079396701 0.111973655982609 0.101045989820914 0.125393268343959 0.101606006455817
"NA19239.1.B09" 0.473135131258053 0.124908546463729 0.133172185747326 0.165305168373252 0.103478968157639
"NA19239.1.B10" 0.100478895668812 0.146361265403851 0.101749271051862 0.178038950778295 0.473371617097181
"NA19239.1.B11" 0.196027958864656 0.101222676138119 0.101108905331513 0.229765000605032 0.37187545906068
"NA19239.1.B12" 0.100507277877831 0.116355838890248 0.103364338195969 0.254150403693552 0.425622141342401
"NA19239.1.C01" 0.212838555471331 0.444374796553603 0.10144215510611 0.139807972089892 0.101536520779064
"NA19239.1.C02" 0.122152357673082 0.536062599737842 0.106320773145829 0.122170075712105 0.113294193731142
"NA19239.1.C03" 0.123248057009999 0.382906528789175 0.123471795160883 0.26893361115364 0.101440007886302
"NA19239.1.C04" 0.282885673658026 0.101624634784094 0.41084662327557 0.103205493096521 0.101437575185789
"NA19239.1.C05" 0.137068406287087 0.100897605998212 0.453669331935484 0.206995445759693 0.101369210019524
"NA19239.1.C06" 0.100437769356757 0.162816957766289 0.465643762510713 0.169800631835107 0.101300878531134
"NA19239.1.C07" 0.575647235321254 0.100949858675201 0.100736400015629 0.121325819328224 0.101340686659692
"NA19239.1.C08" 0.54962301553646 0.146429429746082 0.101178392820754 0.101405220315152 0.101363941581552
"NA19239.1.C09" 0.373302321716777 0.176637648198691 0.246923237480386 0.101583045012099 0.101553747592047
"NA19239.1.C10" 0.200443899607448 0.10110997600401 0.13406123701905 0.101210534189371 0.463174353180121
"NA19239.1.C11" 0.173051466746334 0.101356667106956 0.141964487027431 0.165350300420329 0.41827707869895
"NA19239.1.C12" 0.209350364973832 0.123276055245884 0.100997577678846 0.136007430035752 0.430368572065687
"NA19239.1.D01" 0.133332025554472 0.386739113866234 0.101103369818721 0.277379024826764 0.101446465933808
"NA19239.1.D02" 0.100237900880656 0.595651916206559 0.100433491423512 0.103076331902283 0.10060035958699
"NA19239.1.D03" 0.126656759005341 0.335764332345835 0.101026253845156 0.335131576960664 0.101421077843004
"NA19239.1.D04" 0.290450082010601 0.101970350399856 0.396530512121766 0.109417759657808 0.101631295809969
"NA19239.1.D05" 0.100426224355818 0.121129489400154 0.510911181014825 0.113344084067072 0.154189021162131
"NA19239.1.D06" 0.114456297678719 0.101682851559025 0.52037360540575 0.162455194803208 0.101032050553297
"NA19239.1.D07" 0.385608193416616 0.101198470764182 0.10098009423085 0.310458944604937 0.101754296983415
"NA19239.1.D08" 0.431423231060837 0.101218095011009 0.101045243772993 0.257324830066723 0.108988600088437
"NA19239.1.D09" 0.32871869402296 0.101541957385036 0.101162844003402 0.365009782292594 0.103566722296008
"NA19239.1.D10" 0.100321022431452 0.193872872986638 0.10060084922734 0.100701266988588 0.504503988365982
"NA19239.1.D11" 0.104127819203858 0.100909264532834 0.14226167484058 0.233895640325497 0.418805601097231
"NA19239.1.D12" 0.16812114168152 0.219134589851099 0.134671916271062 0.112920852988185 0.365151499208133
"NA19239.1.E01" 0.142551191813119 0.287719396266719 0.100970704358696 0.36725298542832 0.101505722133146
"NA19239.1.E02" 0.274379322845731 0.384377425346383 0.101049610483812 0.13857902542508 0.101614615898994
"NA19239.1.E03" 0.108020346709535 0.291967981667798 0.100819561391122 0.397985559011293 0.101206551220253
"NA19239.1.E04" 0.100401098699308 0.185900387768119 0.501898833688726 0.11102645525288 0.100773224590967
"NA19239.1.E05" 0.110229490687724 0.100813898034865 0.391855241292786 0.295653169856732 0.101448200127893
"NA19239.1.E06" 0.154749202871688 0.116064106808001 0.527082875967894 0.101004340040722 0.101099474311696
"NA19239.1.E07" 0.593249240704908 0.100953278790304 0.100945012472924 0.103582462266347 0.101270005765517
"NA19239.1.E08" 0.57252275960861 0.104595387663973 0.101239297569619 0.119685344986282 0.101957210171516
"NA19239.1.E09" 0.56314579143539 0.101934930560859 0.101850592826031 0.122756768290481 0.110311916887239
"NA19239.1.E10" 0.323246247791243 0.102616678819187 0.101182029995127 0.103203276278844 0.3697517671156
"NA19239.1.E11" 0.230289163381972 0.101017590961174 0.12883823257315 0.112455745785978 0.427399267297726
"NA19239.1.E12" 0.168118781199113 0.101093902279204 0.131778077583002 0.206470295575746 0.392538943362934
"NA19239.1.F01" 0.273448729401124 0.319599666185326 0.113787353721836 0.173562382131036 0.119601868560678
"NA19239.1.F02" 0.100294478611141 0.579715635254805 0.10048471673121 0.118917922078126 0.100587247324719
"NA19239.1.F03" 0.227655692585016 0.362383899307319 0.12917189812901 0.169989079185485 0.11079943079317
"NA19239.1.F04" 0.160333725729373 0.103810716365939 0.533767045164702 0.100987392778438 0.101101119961548
"NA19239.1.F05" 0.100355432559175 0.100767561288981 0.259884824081464 0.43789419031482 0.10109799175556
"NA19239.1.F06" 0.309052768720656 0.101206612185579 0.386661319544958 0.101315138598307 0.1017641609505
"NA19239.1.F07" 0.466658179231006 0.227920913906243 0.101520086058962 0.101487450212612 0.102413370591177
"NA19239.1.F08" 0.540613187582702 0.101054999064469 0.13149540379493 0.125121293239589 0.10171511631831
"NA19239.1.F09" 0.442601558665079 0.148543485672613 0.122491864728713 0.182537972809417 0.103825118124178
"NA19239.1.F10" 0.100391357186481 0.100781077515953 0.10103603139658 0.299960468716672 0.397831065184314
"NA19239.1.F11" 0.100548968005642 0.100820569309241 0.101278885300907 0.296891031462946 0.400460545921265
"NA19239.1.F12" 0.331448991745889 0.101156432260715 0.110066089264163 0.101417805877964 0.355910680851269
"NA19239.1.G01" 0.186438392267766 0.286330810498881 0.101127856504562 0.324377242360402 0.101725698368389
"NA19239.1.G02" 0.277736277477394 0.394340435379805 0.101075068040861 0.12530274817496 0.10154547092698
"NA19239.1.G03" 0.273997793947902 0.371356498296452 0.101211583487145 0.151717909800933 0.101716214467568
"NA19239.1.G04" 0.100430612110828 0.100577917776274 0.542804463189166 0.155434996216812 0.100752010706921
"NA19239.1.G05" 0.100357752713789 0.100651395805977 0.496268748806279 0.201806357660086 0.100915745013869
"NA19239.1.G06" 0.10035927326781 0.140464803536363 0.520519663436363 0.137846336207295 0.100809923552169
"NA19239.1.G07" 0.400311748405898 0.261013710000884 0.108601351957684 0.128347398011787 0.101725791623747
"NA19239.1.G08" 0.522310905686349 0.11085658532172 0.108759483047579 0.14938706271678 0.108685963227572
"NA19239.1.G09" 0.568778496229236 0.103002983931651 0.101209178151048 0.12537447093595 0.101634870752114
"NA19239.1.G10" 0.116123912894622 0.100806094578545 0.100761316623585 0.271195022319559 0.41111365358369
"NA19239.1.G11" 0.291816730369177 0.101063010146404 0.101065275030318 0.105800587025723 0.400254397428378
"NA19239.1.G12" 0.122807512559358 0.101076214284634 0.100988281168352 0.29392157216986 0.381206419817796
"NA19239.1.H01" 0.128688266718186 0.342104320865478 0.100997756011384 0.326457348359112 0.10175230804584
"NA19239.1.H02" 0.100388297346476 0.385731266434674 0.100765173351697 0.31205455723429 0.101060705632862
"NA19239.1.H03" 0.185155624357228 0.344960234456451 0.101057818419155 0.267188859672514 0.101637463094652
"NA19239.1.H04" 0.100365125552321 0.100746168655306 0.33954655991611 0.358303742890434 0.101038402985829
"NA19239.1.H05" 0.100606352934425 0.123008495089275 0.457810696036439 0.217420648492687 0.101153807447173
"NA19239.1.H06" 0.112810359672983 0.100741768405672 0.511551752713038 0.173826668461957 0.10106945074635
"NA19239.1.H07" 0.582671179780559 0.102154563984462 0.100970485657948 0.112541484075786 0.101662286501245
"NA19239.1.H08" 0.310308924123406 0.179782344387216 0.101670993480282 0.289585114867456 0.11865262314164
"NA19239.1.H09" 0.291762689744772 0.132359029303415 0.113358361350942 0.327155798440522 0.135364121160349
"NA19239.1.H10" 0.100209898834594 0.10065630649221 0.10031883470429 0.100850669745732 0.597964290223174
"NA19239.1.H11" 0.13997839937075 0.101415356248746 0.123220544917188 0.265459207052819 0.369926492410498
"NA19239.1.H12" 0.297783147256019 0.101652572958832 0.101565437704783 0.14902835427927 0.349970487801095
