"1" "2" "3" "4"
"NA19098.1.A01" 0.740371107974703 0.184392467597955 0.0742685047931716 0.000967919634169901
"NA19098.1.A02" 0.837003962406519 0.0842700223539083 0.0774286924947104 0.00129732274486194
"NA19098.1.A03" 0.730441492209402 0.144502975558951 0.124771712919248 0.000283819312398581
"NA19098.1.A04" 0.729128967292022 0.163261920711246 0.106399859160258 0.00120925283647383
"NA19098.1.A05" 0.805859331074082 0.124392736963866 0.0678613357144488 0.00188659624760339
"NA19098.1.A06" 0.842976271232761 0.0835262870729734 0.0725369254940252 0.000960516200240352
"NA19098.1.A07" 0.810492989680399 0.104744658735669 0.0845184448730639 0.000243906710867993
"NA19098.1.A08" 0.878883770239989 0.0788654488543518 0.0414583769790921 0.000792403926567477
"NA19098.1.A09" 0.845794532288235 0.0631874152463736 0.0894178554100525 0.00160019705533879
"NA19098.1.A10" 0.873678835486601 0.0759495979725256 0.0493424820910304 0.00102908444984264
"NA19098.1.A11" 0.793557225154962 0.131505134848532 0.072646706855692 0.00229093314081422
"NA19098.1.A12" 0.875199273823095 0.0707418548597806 0.0531468784234375 0.000911992893686676
"NA19098.1.B01" 0.899553404065351 0.0585382110733804 0.0416068146218297 0.000301570239438617
"NA19098.1.B02" 0.846048747303909 0.0730196158078764 0.0788664123703953 0.00206522451781909
"NA19098.1.B03" 0.740013938821748 0.188058408801944 0.06956487684316 0.00236277553314806
"NA19098.1.B05" 0.846398519474882 0.103289097868121 0.0495609343654884 0.000751448291507943
"NA19098.1.B06" 0.792349325924286 0.152664666859779 0.053292435771591 0.00169357144434441
"NA19098.1.B07" 0.891336703354396 0.0591142640609879 0.0488984125571702 0.000650620027446325
"NA19098.1.B08" 0.887151125876021 0.0730253024208209 0.0324683191424233 0.00735525256073462
"NA19098.1.B09" 0.751230959020066 0.163212446828847 0.0808434482206983 0.00471314593038912
"NA19098.1.B10" 0.556579608864083 0.24177691590944 0.201314937900807 0.000328537325670425
"NA19098.1.B11" 0.759109279217536 0.158537644862465 0.0822738459187625 7.92300012365888e-05
"NA19098.1.B12" 0.881253062025697 0.0731868321334318 0.0447282084977515 0.000831897343119533
"NA19098.1.C01" 0.865146161585777 0.0790983351439031 0.0538656752293716 0.00188982804094803
"NA19098.1.C02" 0.879899716517435 0.0805514778059592 0.0386147455691429 0.000934060107463245
"NA19098.1.C03" 0.807226002795586 0.123937040988464 0.066309353660599 0.00252760255535123
"NA19098.1.C04" 0.801085684764778 0.123994294747577 0.0747858477068438 0.000134172780800352
"NA19098.1.C05" 0.789573562807095 0.157876011860375 0.0518219520381604 0.000728473294369739
"NA19098.1.C06" 0.82265851392486 0.144897478388014 0.031226050894449 0.00121795679267676
"NA19098.1.C07" 0.865433445073515 0.0872799177825849 0.0420968439736319 0.0051897931702677
"NA19098.1.C08" 0.757994816300628 0.153016660327126 0.0886603757989109 0.000328147573335531
"NA19098.1.C09" 0.81870448978556 0.111996129774213 0.0690950328101195 0.000204347630106988
"NA19098.1.C10" 0.892553637597512 0.0585582439482708 0.0480752053453485 0.000812913108869079
"NA19098.1.C11" 0.864474869943251 0.100882778398197 0.033845280043024 0.000797071615528424
"NA19098.1.C12" 0.727251353814456 0.192921778588387 0.0762848856747893 0.00354198192236796
"NA19098.1.D01" 0.754352536320498 0.179117699754435 0.0659718934923231 0.00055787043274415
"NA19098.1.D02" 0.832587014924213 0.122592367952335 0.0438086025802493 0.00101201454320244
"NA19098.1.D03" 0.884120600234156 0.060919289982801 0.0530990002667461 0.00186110951629664
"NA19098.1.D04" 0.840518451334715 0.110452210735663 0.048704331288552 0.000325006641070709
"NA19098.1.D05" 0.678883752910135 0.21791463212912 0.103087177480892 0.000114437479852792
"NA19098.1.D06" 0.876731275099372 0.0852002721452535 0.0380213944006479 4.70583547265042e-05
"NA19098.1.D07" 0.473799573143052 0.403757776494747 0.121714577148187 0.000728073214013943
"NA19098.1.D08" 0.80296308468065 0.144471805715457 0.0499481925471251 0.0026169170567679
"NA19098.1.D09" 0.760389490747991 0.158260962525769 0.0774259407186291 0.00392360600761005
"NA19098.1.D10" 0.844493308113525 0.0940163425680422 0.0581000617202629 0.00339028759816963
"NA19098.1.D11" 0.726382893329046 0.166608653489077 0.105710007627968 0.00129844555390897
"NA19098.1.D12" 0.902602717681617 0.0532775592520243 0.0435366954014303 0.000583027664928548
"NA19098.1.E01" 0.810373898624135 0.102141050979205 0.0855319091174109 0.00195314127924889
"NA19098.1.E02" 0.842162176335693 0.111804999475601 0.0438504043584369 0.00218241983026904
"NA19098.1.E03" 0.870256197116944 0.0817502727746949 0.0474782957485833 0.000515234359777294
"NA19098.1.E05" 0.801383688750954 0.103356930397283 0.0938671536797723 0.00139222717199007
"NA19098.1.E06" 0.830068815199318 0.113795942813677 0.0543929801522874 0.00174226183471778
"NA19098.1.E07" 0.716131606017987 0.217992256738165 0.0650624199672174 0.000813717276630124
"NA19098.1.E08" 0.879327328548787 0.0834805630694741 0.0365466960852947 0.000645412296443951
"NA19098.1.E09" 0.824384006662293 0.111434383453053 0.0567158118391786 0.00746579804547554
"NA19098.1.E10" 0.866246676972238 0.0820039810224713 0.0502954448427842 0.00145389716250624
"NA19098.1.E11" 0.77411656456021 0.184970422476806 0.0371399620025517 0.00377305096043164
"NA19098.1.E12" 0.814187829834423 0.102444961739481 0.0830664921044977 0.000300716321598692
"NA19098.1.F01" 0.785037586037287 0.158973265470303 0.0471909447355511 0.0087982037568583
"NA19098.1.F02" 0.89771789493468 0.0567644449417135 0.0453419187298759 0.000175741393730665
"NA19098.1.F03" 0.880602067409946 0.0720474719870877 0.0472759099794013 7.4550623564906e-05
"NA19098.1.F04" 0.666531361348792 0.181772148432479 0.151625800904742 7.06893139868835e-05
"NA19098.1.F06" 0.513504992547826 0.336692064578789 0.149421851517852 0.000381091355533641
"NA19098.1.F07" 0.732816159570173 0.172927823142971 0.0934058947101591 0.000850122576696508
"NA19098.1.F08" 0.793115340526328 0.132458831035027 0.0729699583677092 0.001455870070935
"NA19098.1.F09" 0.851893898450878 0.0668471910367967 0.0749656584475922 0.00629325206473303
"NA19098.1.F10" 0.890067655417005 0.0528812882977821 0.0570134439138357 3.7612371376993e-05
"NA19098.1.F11" 0.862653727213519 0.0860077027743224 0.0510258113904053 0.000312758621753052
"NA19098.1.F12" 0.801086983944121 0.130827776943357 0.0623043211507333 0.00578091796178873
"NA19098.1.G01" 0.7490259451151 0.167632162090525 0.0831015446586711 0.000240348135704093
"NA19098.1.G02" 0.855519336340816 0.0648506137659977 0.0795294105599778 0.000100639333208419
"NA19098.1.G03" 0.742108999487216 0.177162397054264 0.0791390220718339 0.00158958138668633
"NA19098.1.G04" 0.810011214144311 0.119672831311284 0.0688618953182663 0.00145405922613872
"NA19098.1.G05" 0.848193336184529 0.0996272218794655 0.0514209785418907 0.000758463394114409
"NA19098.1.G06" 0.814136027320644 0.116006712530077 0.0681454172311083 0.0017118429181707
"NA19098.1.G07" 0.767867304649313 0.170149225775105 0.0610846681278258 0.000898801447756268
"NA19098.1.G08" 0.814353946372249 0.0857156018245663 0.097445638951176 0.00248481285200878
"NA19098.1.G09" 0.826489978414194 0.0987564519519703 0.0741091550354808 0.000644414598355221
"NA19098.1.G10" 0.861689727966471 0.0718716409250865 0.0663632577950958 7.53733133461851e-05
"NA19098.1.G11" 0.873818662099837 0.0805946508411759 0.0454927862262568 9.39008327304187e-05
"NA19098.1.G12" 0.794355174959417 0.128887937247561 0.0765886602876747 0.000168227505347104
"NA19098.1.H01" 0.86371937222291 0.0775001504115276 0.058093549778883 0.000686927586679568
"NA19098.1.H02" 0.754101634993312 0.169922714922993 0.0753874248105391 0.000588225273156383
"NA19098.1.H03" 0.732535555212273 0.185832350903994 0.0812070919330702 0.000425001950663061
"NA19098.1.H04" 0.825238152256856 0.108556768351729 0.0660670895763987 0.000137989815015775
"NA19098.1.H05" 0.856683206651462 0.0798955952691805 0.0629103742996838 0.000510823779673894
"NA19098.1.H06" 0.609914453499589 0.267116098344585 0.122398785067378 0.000570663088448772
"NA19098.1.H07" 0.759030742364178 0.169808595927093 0.0710771871195784 8.34745891505361e-05
"NA19098.1.H08" 0.589641396215093 0.220965478751805 0.188827962192611 0.000565162840491026
"NA19098.1.H09" 0.643155583958329 0.100641530456889 0.251155597978434 0.00504728760634712
"NA19098.1.H10" 0.830187952280871 0.0838419564445839 0.0851379446530954 0.00083214662144992
"NA19098.1.H11" 0.856285953663528 0.0994706492938227 0.0437754259133561 0.000467971129293127
"NA19098.1.H12" 0.750532534350505 0.162029108466198 0.0854675852515517 0.00197077193174554
"NA19098.2.A01" 0.0286566757268435 0.27911442548278 0.692167570070263 6.13287201136259e-05
"NA19098.2.A02" 0.550479051224282 0.0508250009486121 0.398467743087064 0.000228204740041884
"NA19098.2.A03" 0.547849257347005 0.0495853108697651 0.402505061073845 6.037070938477e-05
"NA19098.2.A04" 0.585750371264458 0.0128765907851282 0.401342783227068 3.02547233461107e-05
"NA19098.2.A05" 0.681268401790896 0.0522664011922709 0.266372696414768 9.25006020658819e-05
"NA19098.2.A06" 0.0148095497834794 0.136340599880821 0.848756478833097 9.3371502603014e-05
"NA19098.2.A07" 0.642744881434054 0.0485537975204462 0.30863110881251 7.02122329893244e-05
"NA19098.2.A08" 0.554519322036684 0.012609834101733 0.432827588787141 4.32550744416738e-05
"NA19098.2.A09" 0.0863280413670033 0.101731844794244 0.811653181065375 0.000286932773377919
"NA19098.2.A10" 0.495037907042699 0.0735620722581345 0.431107478020097 0.000292542679069111
"NA19098.2.A11" 0.543372569731185 0.0201223181194233 0.436469739469716 3.53726796750716e-05
"NA19098.2.B01" 0.0173705735622181 0.110937161100885 0.871566633562318 0.00012563177457901
"NA19098.2.B02" 0.590131894801898 0.0583142484926078 0.351476275603062 7.75811024321329e-05
"NA19098.2.B03" 0.595923588198141 0.0575529516828585 0.346359792722017 0.000163667396983594
"NA19098.2.B04" 0.514535120100893 0.0133611526459116 0.471934822939797 0.000168904313398079
"NA19098.2.B05" 0.57926514991805 0.0277608107530943 0.392918088492604 5.5950836251806e-05
"NA19098.2.B06" 0.618189534312097 0.0409922776230816 0.34064770380456 0.000170484260261844
"NA19098.2.B07" 0.556453706765954 0.0398733738876724 0.403468136961583 0.000204782384790208
"NA19098.2.B08" 0.617719112704802 0.0406587642544216 0.341581814593508 4.03084472683429e-05
"NA19098.2.B09" 0.574428088497716 0.0465886450252051 0.378894510578247 8.87558988312626e-05
"NA19098.2.B10" 0.643176245050491 0.0250130916797572 0.331775100837041 3.55624327110687e-05
"NA19098.2.B11" 0.0307379682935021 0.149926609138155 0.818556078095198 0.000779344473143956
"NA19098.2.C01" 0.539644608253309 0.105885706822177 0.354258991874198 0.000210693050315946
"NA19098.2.C02" 0.421507985588492 0.0492864682873397 0.529158604378846 4.69417453219618e-05
"NA19098.2.C03" 0.429184279981127 0.0475556557137149 0.523213179304105 4.68850010529232e-05
"NA19098.2.C04" 0.0201989725486071 0.000138386437051508 0.979573648769889 8.89922444523591e-05
"NA19098.2.C05" 0.473918062684228 0.0562243618723066 0.469740782035302 0.000116793408163215
"NA19098.2.C06" 0.494489679536426 0.161362475375007 0.344083003146302 6.48419422657702e-05
"NA19098.2.C07" 0.565390230986342 0.0897913330473195 0.344773337440741 4.50985255975462e-05
"NA19098.2.C08" 0.487435195348045 0.0320584520318772 0.480376712335795 0.000129640284281937
"NA19098.2.C09" 0.0688547241991959 0.188073157943992 0.742901660750612 0.000170457106199799
"NA19098.2.C10" 0.457684029926726 0.0582265056649642 0.484032863447609 5.66009607001632e-05
"NA19098.2.C11" 0.509776593426603 0.0173264380951257 0.472856789408613 4.01790696582797e-05
"NA19098.2.C12" 0.502700436177886 0.00322335229053984 0.494008013582874 6.81979487002135e-05
"NA19098.2.D01" 0.481532749248759 0.0575606580934006 0.459987596828875 0.00091899582896591
"NA19098.2.D02" 0.212948075241538 0.0944487368893337 0.692546611657768 5.65762113608899e-05
"NA19098.2.D03" 0.248577737387473 0.083532458455346 0.667855399858013 3.44042991682028e-05
"NA19098.2.D04" 0.467842356697789 0.118623214496597 0.413493300522092 4.11282835218853e-05
"NA19098.2.D05" 0.599877098846249 0.0454134873989325 0.354668607609367 4.08061454522036e-05
"NA19098.2.D06" 0.564984070732754 0.0658454791769598 0.36910604981998 6.44002703064803e-05
"NA19098.2.D08" 0.562446608588167 0.0589993686923777 0.377929465565696 0.000624557153759688
"NA19098.2.D09" 0.00670781083811984 0.172153947305429 0.820858701656371 0.000279540200080837
"NA19098.2.D10" 0.471496658897869 0.0862301495063541 0.442183835107901 8.93564878760476e-05
"NA19098.2.D11" 0.563307643694198 0.0560988704524845 0.380549819175611 4.3666677707147e-05
"NA19098.2.D12" 0.563876996233182 0.0294688182451044 0.406329148546354 0.000325036975359147
"NA19098.2.E01" 0.541617719666509 0.0365799682323603 0.421756451229051 4.58608720794763e-05
"NA19098.2.E02" 0.563841828528668 0.0220789807121291 0.413944846129929 0.000134344629274726
"NA19098.2.E03" 0.539368926063337 0.0204257123768686 0.439990047581311 0.000215313978483543
"NA19098.2.E04" 0.0266413691563928 0.133948153174793 0.839337199620601 7.32780482134289e-05
"NA19098.2.E05" 0.42637937107478 0.0523506100994692 0.521234137303738 3.58815220130779e-05
"NA19098.2.E06" 0.479871942051208 0.0174004891715466 0.502049594090334 0.000677974686911295
"NA19098.2.E07" 0.240782675922817 0.128061738642671 0.631047636422152 0.000107949012359396
"NA19098.2.E08" 0.625846462842419 0.0785060949774568 0.295598098433926 4.93437461985073e-05
"NA19098.2.E09" 0.620158038492184 0.00461546636113807 0.375147382546905 7.91125997733054e-05
"NA19098.2.E11" 0.616776534557853 0.0426341160006464 0.340555259872652 3.40895688481348e-05
"NA19098.2.E12" 0.453475497616614 0.0685587291314859 0.47769667470907 0.000269098542830291
"NA19098.2.F01" 0.0417098514678424 0.156517325067777 0.801653826710917 0.000118996753463973
"NA19098.2.F02" 0.561187599116826 0.0367927129411364 0.401925074909278 9.46130327599136e-05
"NA19098.2.F03" 0.555001727642252 0.0353531464665208 0.40960951927213 3.56066190965437e-05
"NA19098.2.F04" 0.495422655498165 0.123349513618073 0.381181395257906 4.64356258556721e-05
"NA19098.2.F05" 0.612943805930038 0.0275031648169841 0.359517189984849 3.58392681283173e-05
"NA19098.2.F07" 0.581816895370405 0.0590343381895771 0.357857392048834 0.00129137439118295
"NA19098.2.F08" 0.53144643962944 0.0454017632998812 0.422748621115359 0.000403175955320194
"NA19098.2.F09" 0.564049692067953 9.11461738882473e-05 0.4358024041909 5.67575672580945e-05
"NA19098.2.F10" 0.493293687856223 0.0470117692904529 0.459648899963168 4.56428901552366e-05
"NA19098.2.F11" 0.0520052292946481 0.137692585184929 0.810101856415497 0.000200329104925886
"NA19098.2.F12" 0.578592249305231 0.0106421025310104 0.410562870410533 0.000202777753225072
"NA19098.2.G01" 0.0778451318788328 0.132760282444936 0.78934260087172 5.19848045112006e-05
"NA19098.2.G02" 0.513449468289375 0.0366344089953131 0.449856020045603 6.01026697091146e-05
"NA19098.2.G03" 0.507702908867288 0.0345732110283503 0.45765711776183 6.67623425318048e-05
"NA19098.2.G04" 0.624713485103425 4.63178282194827e-05 0.375208806381517 3.13906868382319e-05
"NA19098.2.G05" 0.220619873342921 0.066966814180128 0.712325049967105 8.82625098460137e-05
"NA19098.2.G06" 0.490774103650426 0.033141004696817 0.475660517638311 0.000424374014445604
"NA19098.2.G07" 0.577410131970958 0.0510224325134427 0.3714927213332 7.47141824000593e-05
"NA19098.2.G08" 0.537454189804511 0.0679651969208714 0.39423000424903 0.000350609025587134
"NA19098.2.G09" 0.554843774572849 0.027927753203528 0.417193582671766 3.48895518573318e-05
"NA19098.2.G10" 0.0015129260182853 0.000257960384879064 0.997809235677857 0.000419877918978543
"NA19098.2.G11" 0.333032390583464 0.0761974898339645 0.590685520647693 8.45989348785768e-05
"NA19098.2.G12" 0.672480466353588 0.147791952550422 0.179257434446393 0.000470146649597022
"NA19098.2.H01" 0.0581264913200988 0.090866387192104 0.850879434548913 0.000127686938884628
"NA19098.2.H02" 0.420016288788105 0.0257538470160049 0.554160808935646 6.90552602437991e-05
"NA19098.2.H03" 0.413042995123183 0.0275109244928895 0.559388718127077 5.73622568500872e-05
"NA19098.2.H04" 0.493129336837549 0.0173688535937279 0.489450192894982 5.16166737414564e-05
"NA19098.2.H05" 0.536449860588052 8.63027443555954e-05 0.463409389280461 5.44473871318818e-05
"NA19098.2.H06" 0.463251756944759 0.0965655968779268 0.43984824032155 0.000334405855764722
"NA19098.2.H07" 0.000166673053406327 0.0719930263843525 0.927771036018682 6.92645435593506e-05
"NA19098.2.H08" 0.0173396962278139 0.16849864703897 0.813457609401026 0.000704047332190306
"NA19098.2.H10" 0.480539291782361 0.000348407028054461 0.519060540382363 5.17608072213351e-05
"NA19098.2.H11" 0.516365578828382 0.0408612304408117 0.442708080494342 6.51102364645248e-05
"NA19098.2.H12" 0.0600425708768564 0.157448852951387 0.782212393523229 0.000296182648527152
"NA19098.3.A03" 0.818463600456089 0.116200903465447 0.0652871231098164 4.83729686475745e-05
"NA19098.3.A05" 0.519899376222854 0.353172134392079 0.126878127471217 5.0361913850192e-05
"NA19098.3.A06" 0.740427409082231 0.201357391527979 0.0581877315746227 2.74678151672318e-05
"NA19098.3.A07" 0.553272547665789 0.30549646694619 0.141136449559398 9.45358286233904e-05
"NA19098.3.A08" 0.802540483426894 0.14729815905514 0.0499514684965114 0.000209889021455135
"NA19098.3.A12" 0.786738373274103 0.134699475502232 0.078515556036898 4.65951867664204e-05
"NA19098.3.B01" 0.706965404673712 0.182048511773564 0.110933488974288 5.25945784361803e-05
"NA19098.3.B02" 0.57067619485967 0.278400081308421 0.150790652210962 0.000133071620946791
"NA19098.3.B03" 0.820546229684446 0.116090525909976 0.0632418201954567 0.000121424210121611
"NA19098.3.B04" 0.852597080771514 0.116098192780324 0.0312656470060738 3.90794420883656e-05
"NA19098.3.B05" 0.838097830448523 0.111940044511105 0.0498500461007212 0.000112078939650749
"NA19098.3.B06" 0.607665829629746 0.24063728077425 0.151625463847075 7.14257489291511e-05
"NA19098.3.B07" 0.852062170137741 0.087730728897282 0.0597813220523732 0.000425778912604126
"NA19098.3.B08" 0.758278825463722 0.100679117602261 0.140357468751974 0.000684588182042047
"NA19098.3.B09" 0.82450581148915 0.0725425776789933 0.102831973751218 0.000119637080637999
"NA19098.3.B11" 0.822316792949152 0.149161664223724 0.0284491058224969 7.24370046267659e-05
"NA19098.3.B12" 0.78737301652908 0.162180986401574 0.0501269406096304 0.000319056459715545
"NA19098.3.C01" 0.794924451976079 0.143040317172395 0.0619986647957163 3.65660558104202e-05
"NA19098.3.C02" 0.640816262263885 0.148795193389292 0.210144811042419 0.000243733304404646
"NA19098.3.C03" 0.72080527748742 0.193920196412132 0.0848944030576943 0.00038012304275365
"NA19098.3.C04" 0.808782834279509 0.129508646093359 0.061677856838048 3.06627890844242e-05
"NA19098.3.C05" 0.809261453180283 0.134309471079152 0.0563637186415691 6.53570989956919e-05
"NA19098.3.C07" 0.524124981603811 0.340231556304059 0.135543264714122 0.000100197378007309
"NA19098.3.C08" 0.63378645836672 0.189263776516376 0.17687063914396 7.91259729443281e-05
"NA19098.3.C09" 0.854128012409891 0.10212215884014 0.0437181001540962 3.17285958724443e-05
"NA19098.3.C10" 0.826405629368558 0.110290215861563 0.0632614047665263 4.27500033527283e-05
"NA19098.3.C11" 0.808885067725044 0.142187039288012 0.0488113759272999 0.000116517059644691
"NA19098.3.C12" 0.748255867569812 0.179933507666367 0.0717144872203246 9.61375434961577e-05
"NA19098.3.D01" 0.575392520633024 0.256394299954267 0.1681418137087 7.13657040083035e-05
"NA19098.3.D02" 0.637612064965302 0.274098832123199 0.088248336750245 4.07661612531922e-05
"NA19098.3.D03" 0.834248328199813 0.112935496499906 0.0523437482617462 0.000472427038534807
"NA19098.3.D05" 0.841166349841093 0.111452626465715 0.047199470643003 0.000181553050189189
"NA19098.3.D07" 0.839080639468995 0.0975783352601781 0.0633045765248125 3.64487460146185e-05
"NA19098.3.D09" 0.813627614415597 0.130940794648975 0.0554002954246903 3.12955107382028e-05
"NA19098.3.D10" 0.80460871261693 0.13348949493751 0.0617898762700273 0.000111916175532985
"NA19098.3.D11" 0.77572744199086 0.17126082370269 0.0529505991577077 6.11351487421016e-05
"NA19098.3.D12" 0.694474169995065 0.223065924735729 0.0824170475129199 4.28577562858216e-05
"NA19098.3.E01" 0.813270413837697 0.121097031547077 0.0656105032092157 2.20514060098321e-05
"NA19098.3.E02" 0.829969607273586 0.115089799253002 0.0549160850584181 2.45084149930578e-05
"NA19098.3.E03" 0.829999249564787 0.116183215887464 0.0537539744834428 6.35600643061426e-05
"NA19098.3.E04" 0.772505041093183 0.177729487480555 0.0497347328587159 3.07385675451531e-05
"NA19098.3.E05" 0.504620282042297 0.343888444176767 0.151427103391732 6.417038920355e-05
"NA19098.3.E06" 0.577139834797941 0.306535723505577 0.116271800561979 5.26411345033439e-05
"NA19098.3.E07" 0.606409174432227 0.339910592703908 0.0536433412975445 3.68915663205837e-05
"NA19098.3.E08" 0.535310750477464 0.335714626995273 0.128925650632341 4.89718949215494e-05
"NA19098.3.E09" 0.577606349637475 0.284235628690605 0.138106760988539 5.12606833817815e-05
"NA19098.3.E10" 0.820925942607343 0.112432828252966 0.0665662643159095 7.49648237821407e-05
"NA19098.3.E11" 0.862173291406652 0.0792865323505677 0.0581083695034083 0.000431806739372115
"NA19098.3.E12" 0.793914392491396 0.119757264068862 0.0862279363125005 0.000100407127241848
"NA19098.3.F01" 0.619208537787086 0.195165869932775 0.185561591197159 6.40010829809729e-05
"NA19098.3.F03" 0.778453407341671 0.152983878825153 0.0685142232890755 4.84905441003187e-05
"NA19098.3.F04" 0.768103094435177 0.164749210353795 0.067108019714054 3.96754969740622e-05
"NA19098.3.F05" 0.775532877083167 0.17280129125318 0.0516275973551315 3.82343085212386e-05
"NA19098.3.F06" 0.782939818175349 0.150674992058272 0.0663609204348386 2.42693315402895e-05
"NA19098.3.F07" 0.663037628641476 0.288086652587336 0.0487918161541178 8.39026170707717e-05
"NA19098.3.F09" 0.819213542895848 0.114827850501325 0.0658998179123664 5.87886904605702e-05
"NA19098.3.F10" 0.80046536127933 0.146687254690627 0.0528166375860566 3.07464439870008e-05
"NA19098.3.F11" 0.524336154318924 0.3562752393052 0.119336464919809 5.21414560662839e-05
"NA19098.3.G01" 0.817300925500328 0.0706120762021584 0.111985626859374 0.000101371438139813
"NA19098.3.G02" 0.544170520241377 0.31520617366133 0.140510785738376 0.000112520358916476
"NA19098.3.G03" 0.526131888941612 0.338720067169236 0.135105336187232 4.27077019204757e-05
"NA19098.3.G04" 0.568077758156423 0.320982845849596 0.110900309046127 3.90869478532804e-05
"NA19098.3.G05" 0.893302040238638 0.0725962475921277 0.0340683991643018 3.33130049329867e-05
"NA19098.3.G06" 0.772590458012242 0.152176897654578 0.0751860943974619 4.6549935718388e-05
"NA19098.3.G07" 0.560721185530894 0.30324406165712 0.135991712235723 4.30405762631756e-05
"NA19098.3.G08" 0.584218475175326 0.298084996978431 0.117644495784238 5.203206200483e-05
"NA19098.3.G09" 0.641069403844991 0.24574412928554 0.112522923933046 0.000663542936422748
"NA19098.3.G10" 0.871446014746556 0.0755988319956333 0.0529177448185214 3.74084392898086e-05
"NA19098.3.G11" 0.514753724579982 0.32101403509783 0.164132711462516 9.95288596720664e-05
"NA19098.3.G12" 0.549252842944661 0.311436459265998 0.139120672820812 0.000190024968529355
"NA19098.3.H01" 0.586036761923274 0.280858396236255 0.132944304979572 0.000160536860899083
"NA19098.3.H02" 0.771538645352777 0.166880948782437 0.0615415115059735 3.88943588129844e-05
"NA19098.3.H03" 0.800504373008488 0.139617305937626 0.0598576386709711 2.06823829142643e-05
"NA19098.3.H04" 0.846004057561899 0.0926046786918634 0.0608373320870937 0.000553931659144084
"NA19098.3.H05" 0.772072958437377 0.153299855942469 0.0743662936003963 0.000260892019757975
"NA19098.3.H06" 0.817262686985967 0.124632225915347 0.0580547388010878 5.03482975983171e-05
"NA19098.3.H07" 0.572154704566666 0.225074579172591 0.202627884431176 0.000142831829566689
"NA19098.3.H08" 0.56641830069121 0.273129043249624 0.160362457146878 9.01989122883389e-05
"NA19098.3.H09" 0.645177494353397 0.23045859107013 0.124301164334361 6.27502421117701e-05
"NA19098.3.H10" 0.803820506642361 0.135831969158462 0.0603033531481586 4.41710510186082e-05
"NA19098.3.H11" 0.645709050672133 0.300255566166734 0.0540023683017386 3.30148593951299e-05
"NA19098.3.H12" 0.830285364805251 0.113597945944855 0.0558374459708041 0.000279243279090071
"NA19239.1.A01" 0.843312885165475 0.115470638059743 0.0411546218904272 6.18548843544578e-05
"NA19239.1.A02" 0.773265233311366 0.129457246644892 0.0971734168318718 0.000104103211869845
"NA19239.1.A03" 0.836097691271814 0.108637492589907 0.0551599595800098 0.000104856558269592
"NA19239.1.A04" 0.804739993824171 0.105924165805864 0.0891855184680335 0.000150321901931736
"NA19239.1.A05" 0.927106470641447 0.0274170812753679 0.0454303517288752 4.60963543100168e-05
"NA19239.1.A06" 0.875517642215894 0.0691856398265412 0.0536976572982558 0.00159906065930885
"NA19239.1.A07" 0.698152980824826 0.225492376109228 0.0762916606964551 6.29823694904641e-05
"NA19239.1.A08" 0.824686342593305 0.111882404140194 0.0633595919790701 7.16612874312572e-05
"NA19239.1.A09" 0.802354569833609 0.158341587819186 0.0390257281582127 0.00027811418899258
"NA19239.1.A10" 0.885534299145518 0.0611270737397431 0.0532858186264818 5.2808488257254e-05
"NA19239.1.A11" 0.864001967116738 0.058454578402777 0.0773835971027054 0.000159857377779742
"NA19239.1.A12" 0.819044923106742 0.0978507098337608 0.083041065366022 6.33016934747119e-05
"NA19239.1.B02" 0.876476037299557 0.0905123135178064 0.032902150540146 0.000109498642490393
"NA19239.1.B03" 0.826813989180941 0.128832309029318 0.0442446008603635 0.000109100929377562
"NA19239.1.B05" 0.823015963769777 0.105388556266443 0.0714912976854191 0.00010418227836126
"NA19239.1.B06" 0.719281233297548 0.241977938584557 0.0380105485927537 0.000730279525141454
"NA19239.1.B07" 0.792151285726383 0.147883195786684 0.059738574895632 0.000226943591300761
"NA19239.1.B08" 0.919345149172067 0.0487356805698382 0.0318892281339841 2.99421241102926e-05
"NA19239.1.B09" 0.916607058546541 0.0674393363885564 0.0159099073914734 4.36976734288631e-05
"NA19239.1.B10" 0.716844871899814 0.224801770414122 0.0582616102988238 9.17473872406438e-05
"NA19239.1.B11" 0.889426572922976 0.100989365021926 0.00954633148238835 3.77305727098917e-05
"NA19239.1.B12" 0.927859059292777 0.0394128543544226 0.0326818126316747 4.6273721126169e-05
"NA19239.1.C01" 0.810780178690284 0.134602700512753 0.0545450201496138 7.21006473497454e-05
"NA19239.1.C02" 0.953891926759644 0.0276457953697237 0.0184004340094139 6.18438612184345e-05
"NA19239.1.C03" 0.900728961313626 0.0681709792381912 0.0310569851858982 4.30742622846983e-05
"NA19239.1.C05" 0.920183966487452 0.0622060759427326 0.0175773239610299 3.26336087860185e-05
"NA19239.1.C06" 0.839029848587489 0.130591124071051 0.0303071398978538 7.18874436062987e-05
"NA19239.1.C07" 0.650825873965224 0.255879751334053 0.0931866302126226 0.000107744488100184
"NA19239.1.C08" 0.865760793076161 0.0967898334990137 0.0373943844509663 5.49889738591214e-05
"NA19239.1.C09" 0.933463596539454 0.0349552798807271 0.0315449780739539 3.61455058646725e-05
"NA19239.1.C10" 0.897953522584747 0.0782213110477236 0.0237474743870483 7.76919804809048e-05
"NA19239.1.C11" 0.746051273849237 0.207110737911677 0.0467853506087847 5.26376303011681e-05
"NA19239.1.C12" 0.918889784389408 0.0642043084953569 0.0168133613914315 9.25457238032874e-05
"NA19239.1.D01" 0.900864212479563 0.0773195649140539 0.0217783605271378 3.78620792449291e-05
"NA19239.1.D02" 0.872760901571747 0.0974322904471074 0.0297512154393678 5.55925417780435e-05
"NA19239.1.D03" 0.78164798788543 0.171776225454013 0.0465220584407092 5.37282198470832e-05
"NA19239.1.D04" 0.847363331823858 0.122768233759633 0.0298258077953052 4.26266212029789e-05
"NA19239.1.D05" 0.794121609835582 0.184289860786958 0.021396080989213 0.000192448388247327
"NA19239.1.D06" 0.906720000768229 0.0782954881364551 0.0148753527110609 0.000109158384255225
"NA19239.1.D07" 0.660544336140789 0.24897899901583 0.0901451157580372 0.000331549085343385
"NA19239.1.D08" 0.911453200172748 0.0680794558495544 0.020334146341713 0.000133197635984854
"NA19239.1.D09" 0.891524197201468 0.0801696949816252 0.028166139752347 0.000139968064559715
"NA19239.1.D10" 0.821821089947136 0.120677721567917 0.0559959152990278 0.00150527318591878
"NA19239.1.D11" 0.88942479650928 0.0802215818981697 0.0301314440118611 0.000222177580689702
"NA19239.1.D12" 0.793937321853377 0.157154482032414 0.0488517573956496 5.64387185592983e-05
"NA19239.1.E01" 0.895915384124182 0.0701713744089062 0.0338772585123055 3.59829546057931e-05
"NA19239.1.E02" 0.941894932556842 0.0453170011165949 0.0123725692270972 0.000415497099465513
"NA19239.1.E03" 0.877184724589524 0.0724903286931276 0.0501634396961444 0.000161507021204025
"NA19239.1.E04" 0.884637961786063 0.0681242847702926 0.0471866810170708 5.10724265737692e-05
"NA19239.1.E05" 0.72631831145297 0.115640871910221 0.157885450978912 0.000155365657897179
"NA19239.1.E06" 0.84605008327348 0.102353277524543 0.0507839173543803 0.00081272184759652
"NA19239.1.E07" 0.884700773321608 0.0877606262706963 0.0274517664250065 8.68339826887338e-05
"NA19239.1.E08" 0.926697353473604 0.052237652247907 0.0209108283572749 0.000154165921213997
"NA19239.1.E09" 0.908210095257668 0.0652881058222872 0.0264426729760649 5.91259439797301e-05
"NA19239.1.E10" 0.847034911933204 0.104228078091278 0.0486508218066404 8.61881688768176e-05
"NA19239.1.E11" 0.886131256450596 0.0810383861504114 0.0327830983932477 4.72590057452671e-05
"NA19239.1.E12" 0.933020614357028 0.0388327683116228 0.0280823706907533 6.42466405956824e-05
"NA19239.1.F01" 0.881818724339943 0.0832362231381632 0.0348026148706545 0.000142437651239292
"NA19239.1.F02" 0.85697945204561 0.104633745317049 0.038349591320819 3.72113165228496e-05
"NA19239.1.F03" 0.839025135060339 0.109182230396543 0.0517455387203749 4.70958227429122e-05
"NA19239.1.F04" 0.886208997089851 0.0829930862445127 0.030765936153227 3.19805124094226e-05
"NA19239.1.F05" 0.612535753852021 0.28780745805152 0.0994753173600385 0.000181470736420514
"NA19239.1.F06" 0.876585544123907 0.0950446074609533 0.0283384389361665 3.14094789728578e-05
"NA19239.1.F07" 0.894963121462606 0.0793822583850479 0.0256034302738832 5.1189878462488e-05
"NA19239.1.F08" 0.880058881531141 0.0828079766980222 0.0370989534275969 3.41883432397121e-05
"NA19239.1.F09" 0.890719608046638 0.0819729502862068 0.0272321822855527 7.52593816026184e-05
"NA19239.1.F10" 0.914124077941077 0.04447476402227 0.0413564097751305 4.47482615221643e-05
"NA19239.1.F11" 0.854574028920737 0.0704859104427328 0.0748026014938347 0.000137459142695517
"NA19239.1.F12" 0.897466070183389 0.0452795845471555 0.0571983320827897 5.60131866654221e-05
"NA19239.1.G01" 0.852640437879831 0.093568096643795 0.0535131214534026 0.000278344022971154
"NA19239.1.G02" 0.8399364706821 0.112595779222877 0.047395947459399 7.18026356242484e-05
"NA19239.1.G03" 0.864669682374565 0.0919265153924908 0.0433654996218742 3.83026110696359e-05
"NA19239.1.G04" 0.826335603341539 0.0872349806016647 0.085346605558253 0.00108281049854347
"NA19239.1.G05" 0.691167488135743 0.168706020146758 0.1384971805001 0.00162931121739997
"NA19239.1.G06" 0.852794367692944 0.0712968293750142 0.0758392328133896 6.95701186518003e-05
"NA19239.1.G07" 0.806628079547098 0.123798764810384 0.06925836129833 0.000314794344187494
"NA19239.1.G08" 0.762162723222553 0.122976879383637 0.114716680568299 0.000143716825511702
"NA19239.1.G09" 0.853497255919781 0.0792532984531906 0.06720050923651 4.89363905183433e-05
"NA19239.1.G10" 0.896490792285683 0.0463291476402735 0.0571200105319705 6.00495420728851e-05
"NA19239.1.G11" 0.892874218061545 0.0709766515840975 0.0360501832743995 9.89470799584937e-05
"NA19239.1.G12" 0.862353484434019 0.0859910828239905 0.0515509002203172 0.000104532521673319
"NA19239.1.H01" 0.832419515724325 0.120071953352381 0.0470470005493331 0.000461530373960504
"NA19239.1.H03" 0.887006846931092 0.0714690686667513 0.0414893654539088 3.47189482480883e-05
"NA19239.1.H04" 0.836350069835714 0.117981953936628 0.0455806764027952 8.72998248627444e-05
"NA19239.1.H05" 0.845589296000249 0.0723987917426043 0.081912848977487 9.90632796596855e-05
"NA19239.1.H06" 0.879745806547675 0.079924098919755 0.040284228100652 4.58664319180155e-05
"NA19239.1.H07" 0.896263523988318 0.0676775890017745 0.0358529465609169 0.000205940448990702
"NA19239.1.H08" 0.821056900678444 0.120707104034507 0.0581238908681275 0.00011210441892162
"NA19239.1.H09" 0.811047587525244 0.162939807668253 0.0259315124669336 8.10923395695174e-05
"NA19239.1.H10" 0.91281074585051 0.0496218167489503 0.0375285784702259 3.88589303137876e-05
"NA19239.1.H11" 0.947109498650959 0.00132445732760046 0.0515195718638358 4.64721576053108e-05
"NA19239.1.H12" 0.913101393594116 0.000113513055822394 0.0866546953753612 0.00013039797470043
"NA19239.2.A01" 0.796564957512022 0.156060683167984 0.0472534308971376 0.000120928422856452
"NA19239.2.A02" 0.88799233850169 0.0593052144494614 0.0523459062549434 0.000356540793904834
"NA19239.2.A04" 0.840854916092336 0.130856080804897 0.0279857223406399 0.000303280762126098
"NA19239.2.A05" 0.846575440790607 0.115399704324358 0.0379313584813895 9.34964036459288e-05
"NA19239.2.A06" 0.861341333006921 0.102048670398774 0.0353937542619709 0.00121624233233411
"NA19239.2.A07" 0.906651289256597 0.0654321369626514 0.0272659223218424 0.000650651458908878
"NA19239.2.A08" 0.882057040932861 0.0516732782666966 0.0652295164029255 0.00104016439751693
"NA19239.2.A09" 0.886145129674203 0.0890063948746032 0.0237951772981662 0.00105329815302788
"NA19239.2.A10" 0.628864402027828 0.215663193493335 0.151891162376212 0.00358124210262563
"NA19239.2.A11" 0.889268311470809 0.0820777313027315 0.0262752275239544 0.00237872970250532
"NA19239.2.A12" 0.869613439995479 0.130129622096056 8.7373223436998e-05 0.00016956468502831
"NA19239.2.B01" 0.531441318783371 0.354246412134338 0.114108392563653 0.000203876518638418
"NA19239.2.B02" 0.849530682995555 0.102079638364942 0.0481333269668418 0.000256351672661159
"NA19239.2.B03" 0.573661362740415 0.305601978556466 0.12052606707757 0.000210591625548778
"NA19239.2.B04" 0.888753126671618 0.0728019364657549 0.0382608504571069 0.000184086405520692
"NA19239.2.B05" 0.819869677667436 0.11388818398703 0.0651800310919266 0.0010621072536078
"NA19239.2.B06" 0.876660506796816 0.0950031384925386 0.0281177822338669 0.00021857247677793
"NA19239.2.B07" 0.891914763477314 0.103142042221306 0.00473462836043314 0.000208565940946986
"NA19239.2.B08" 0.795495575932273 0.16920427976564 0.035230688453354 6.94558487326588e-05
"NA19239.2.B09" 0.903930600241565 0.054611564507629 0.0410883804255793 0.000369454825227117
"NA19239.2.B11" 0.511653726392595 0.360438232200496 0.127765315562916 0.000142725843992942
"NA19239.2.B12" 0.872496636301858 0.102221527339746 0.0241847749251458 0.00109706143324934
"NA19239.2.C02" 0.747138054500154 0.192855689437124 0.0585626064399841 0.00144364962273734
"NA19239.2.C03" 0.561797691850087 0.285464276571161 0.152464183774239 0.000273847804513184
"NA19239.2.C04" 0.873065117125465 0.0728019231772498 0.0540552839772108 7.76757200745514e-05
"NA19239.2.C05" 0.736277425308317 0.218982021671811 0.0441561315484716 0.00058442147139975
"NA19239.2.C06" 0.579183534983789 0.332045480523822 0.0880084161355718 0.000762568356816746
"NA19239.2.C07" 0.875856457416372 0.075015641761389 0.048925019131757 0.000202881690482455
"NA19239.2.C08" 0.543930517116591 0.327681791339711 0.128273220333888 0.000114471209810571
"NA19239.2.C09" 0.877681628202712 0.103601012269563 0.017878515278581 0.000838844249144537
"NA19239.2.C11" 0.876334698793032 0.0698129424790769 0.053798768436172 5.35902917187921e-05
"NA19239.2.C12" 0.806550647288198 0.148629598732034 0.0443506208713514 0.000469133108417011
"NA19239.2.D01" 0.769485760810337 0.196319799874812 0.0339606262243572 0.000233813090493279
"NA19239.2.D02" 0.879442216717852 0.0851359695254145 0.0353378910015165 8.3922755216622e-05
"NA19239.2.D03" 0.780570362519611 0.143778742985052 0.0755003757697931 0.000150518725543968
"NA19239.2.D04" 0.91116717633504 0.0591722908431296 0.0292214556664762 0.000439077155354209
"NA19239.2.D05" 0.840002144090014 0.108448192092284 0.0506524022840321 0.000897261533669552
"NA19239.2.D06" 0.845497619821446 0.103497139965643 0.0509576160884083 4.76241245018363e-05
"NA19239.2.D07" 0.495266217244759 0.388715501786405 0.11475959693986 0.00125868402897672
"NA19239.2.D08" 0.696171100157854 0.221513103581869 0.0797807384333378 0.00253505782693936
"NA19239.2.D09" 0.515770942082548 0.328650084353187 0.154265077397673 0.00131389616659158
"NA19239.2.D11" 0.883087238759267 0.0903537007626859 0.0265161368656706 4.29236123764311e-05
"NA19239.2.D12" 0.443592669514606 0.485395854952829 0.0708799097431938 0.000131565789370617
"NA19239.2.E01" 0.821913930634975 0.141061636297152 0.0369761946278035 4.8238440069991e-05
"NA19239.2.E02" 0.888367311066479 0.0924160008853426 0.0189048078509267 0.000311880197252123
"NA19239.2.E04" 0.870390101455673 0.0983815517797653 0.0306910029639434 0.000537343800618156
"NA19239.2.E05" 0.871060816518767 0.0872240303546815 0.0414369940336207 0.000278159092931105
"NA19239.2.E06" 0.893858352343966 0.0818625516762575 0.0240846310588036 0.000194464920972625
"NA19239.2.E07" 0.842205670911321 0.121725158981025 0.0354852564197244 0.000583913687929197
"NA19239.2.E08" 0.852749668541488 0.119951815077764 0.0266074155158266 0.000691100864920857
"NA19239.2.E09" 0.498881851128157 0.386154779710605 0.114851256618458 0.000112112542780995
"NA19239.2.E11" 0.830449346871864 0.111568812142721 0.0577698632227833 0.000211977762631649
"NA19239.2.E12" 0.78057790953812 0.179448900048921 0.0399284683099064 4.47221030520822e-05
"NA19239.2.F01" 0.841378244481803 0.126876368771012 0.0316719364111315 7.34503360530199e-05
"NA19239.2.F02" 0.786987821199215 0.177303517833375 0.0356632198130464 4.54411543639658e-05
"NA19239.2.F03" 0.769594456891029 0.186993066559219 0.0429358598103055 0.000476616739447199
"NA19239.2.F04" 0.500084512249611 0.372420001697399 0.127389512065558 0.000105973987431224
"NA19239.2.F05" 0.80911072274653 0.129200215976136 0.0615122170105539 0.000176844266779693
"NA19239.2.F06" 0.536469696037963 0.347655471860676 0.115778009382228 9.68227191325128e-05
"NA19239.2.F07" 0.551412681217346 0.311139872829037 0.137328853099751 0.000118592853865716
"NA19239.2.F08" 0.870583868176968 0.101884448807487 0.0265721613233802 0.000959521692165676
"NA19239.2.F09" 0.76020552811069 0.177275180228047 0.0613550105059762 0.0011642811552863
"NA19239.2.F10" 0.853625894715159 0.0902934366423723 0.0559744735577817 0.000106195084687335
"NA19239.2.F11" 0.861026557861421 0.0882905868426507 0.0505732295987718 0.000109625697156164
"NA19239.2.F12" 0.57724791207334 0.304057356603501 0.118416943944222 0.000277787378936589
"NA19239.2.G01" 0.851573218618687 0.101029927230252 0.0473450897674406 5.17643836204845e-05
"NA19239.2.G02" 0.831846007618779 0.11804260463459 0.0485782302205985 0.00153315752603295
"NA19239.2.G03" 0.571552356987325 0.299394782242131 0.128181822335072 0.000871038435472154
"NA19239.2.G04" 0.861795902322899 0.0921853727699506 0.0457941721087152 0.00022455279843529
"NA19239.2.G05" 0.879038028133842 0.0783741612180478 0.0423828548853219 0.000204955762787945
"NA19239.2.G06" 0.824632576909259 0.124038985288694 0.0511338024411846 0.000194635360862535
"NA19239.2.G07" 0.824220136563402 0.145734471404314 0.0299317646748113 0.000113627357472858
"NA19239.2.G08" 0.655920118223659 0.223588579417612 0.119361474723588 0.00112982763514173
"NA19239.2.G09" 0.925620677502178 0.0589687086449792 0.0153472470749758 6.33667778664235e-05
"NA19239.2.G10" 0.906950982110497 0.0685616839401485 0.0244501577350785 3.71762142758986e-05
"NA19239.2.G11" 0.93448177924568 0.0188631055949498 0.0465849439710413 7.0171188328939e-05
"NA19239.2.G12" 0.880635888236509 0.0723216149139944 0.046899827600671 0.000142669248825534
"NA19239.2.H01" 0.866747156623236 0.10026964887792 0.0328894580094668 9.37364893768347e-05
"NA19239.2.H02" 0.561902509983422 0.306386661146946 0.131412446278377 0.000298382591255433
