"1" "2" "3" "4"
"NA19098.1.A01" 0.640501968103056 0.284631587895254 0.00969932916916964 0.065167114832521
"NA19098.1.A02" 0.786508761253383 0.162342784368442 0.00130711297109676 0.0498413414070779
"NA19098.1.A03" 0.68520471778756 0.270068259544644 0.00253265499270336 0.0421943676750924
"NA19098.1.A04" 0.598462107824174 0.263797654964828 0.0718111043297531 0.0659291328812457
"NA19098.1.A05" 0.692904158303721 0.195079859245999 0.0524032892191231 0.0596126932311569
"NA19098.1.A06" 0.723541861488395 0.119513585571346 0.0694649950589681 0.087479557881291
"NA19098.1.A07" 0.752376919997425 0.187187995935887 0.00566561581566177 0.0547694682510266
"NA19098.1.A08" 0.672507646099308 0.0749852367313611 0.149962847615723 0.102544269553607
"NA19098.1.A09" 0.75834688544014 0.117051807387348 0.0436123267918735 0.0809889803806385
"NA19098.1.A10" 0.683386266595684 0.0799144186463545 0.134382494368139 0.102316820389823
"NA19098.1.A11" 0.715005367890078 0.197920586232998 0.00255786759492571 0.0845161782819981
"NA19098.1.A12" 0.805283611927776 0.0979053365999417 0.0166909876332756 0.0801200638390068
"NA19098.1.B01" 0.802219278021551 0.0864443363648789 0.0485922076821227 0.0627441779314471
"NA19098.1.B02" 0.766833116015906 0.120714380204278 0.0258429587286433 0.0866095450511731
"NA19098.1.B03" 0.583813253137842 0.238908646644963 0.0783551087068108 0.0989229915103836
"NA19098.1.B05" 0.691140049849616 0.120486493390124 0.0964808598184245 0.0918925969418352
"NA19098.1.B06" 0.641238573983738 0.206283465053984 0.085267715556716 0.0672102454055618
"NA19098.1.B07" 0.814523363217157 0.0938734154352988 0.025633022122527 0.0659701992250169
"NA19098.1.B08" 0.695073758013276 0.0501821334957281 0.121389882857442 0.133354225633553
"NA19098.1.B09" 0.577843483978971 0.190761677725385 0.100214575542353 0.131180262753291
"NA19098.1.B10" 0.407063808919286 0.45536542476122 0.0923730694618459 0.0451976968576487
"NA19098.1.B11" 0.645219944220835 0.227982337275662 0.0349962849066084 0.091801433596895
"NA19098.1.B12" 0.763913967607324 0.0877189696460639 0.0597782882744964 0.088588774472116
"NA19098.1.C01" 0.792461181979753 0.125097074241394 0.00482793918804432 0.0776138045908084
"NA19098.1.C02" 0.780296217846362 0.10289286365393 0.0420351268953269 0.0747757916043812
"NA19098.1.C03" 0.714050938355898 0.18927460594945 0.0353228220855074 0.0613516336091448
"NA19098.1.C04" 0.682993726957476 0.197984380064499 0.0688829352905454 0.0501389576874802
"NA19098.1.C05" 0.601774769385094 0.196456794847297 0.118557269757276 0.0832111660103324
"NA19098.1.C06" 0.689679949123796 0.142948716059584 0.0628303813535752 0.104540953463045
"NA19098.1.C07" 0.7614916316585 0.0904055474496446 0.0424108790356478 0.105691941856208
"NA19098.1.C08" 0.688640835007067 0.251655676976766 0.00558483790292062 0.0541186501132466
"NA19098.1.C09" 0.734431245980761 0.16849848397488 0.0208553744435833 0.0762148956007757
"NA19098.1.C10" 0.810644764210593 0.0933427701402141 0.0345860159959815 0.0614264496532114
"NA19098.1.C11" 0.682894442078047 0.0969839714052069 0.12120416393471 0.0989174225820359
"NA19098.1.C12" 0.609660217075288 0.266151206356688 0.0339237238699563 0.0902648526980671
"NA19098.1.D01" 0.63032424534138 0.27118615564461 0.0582295972046302 0.0402600018093801
"NA19098.1.D02" 0.661621076310616 0.143595075452524 0.106760270029509 0.0880235782073509
"NA19098.1.D03" 0.827942874950765 0.101977341947924 0.0133337965649216 0.0567459865363897
"NA19098.1.D04" 0.709361675658566 0.142488556801173 0.0667358462860949 0.081413921254166
"NA19098.1.D05" 0.582508849075053 0.379140956933596 0.00568961543923166 0.0326605785521193
"NA19098.1.D06" 0.674874965875431 0.0818092501069416 0.156925282999728 0.0863905010178993
"NA19098.1.D07" 0.239506858482835 0.57382551108256 0.119115900816024 0.067551729618581
"NA19098.1.D08" 0.602730237022876 0.167782289265321 0.129667650909533 0.09981982280227
"NA19098.1.D09" 0.650807346450031 0.222455855934217 0.0510784452908069 0.0756583523249453
"NA19098.1.D10" 0.763463228981071 0.145114035780004 0.0190623796659023 0.0723603555730224
"NA19098.1.D11" 0.649216036053544 0.277597596847598 0.0168870247642142 0.0562993423346432
"NA19098.1.D12" 0.849211735433446 0.0910110275514099 0.0072839014595254 0.0524933355556191
"NA19098.1.E01" 0.683116952377784 0.162131685533057 0.0829722903809575 0.0717790717082012
"NA19098.1.E02" 0.726016994737834 0.136417291749478 0.0529620261300091 0.084603687382679
"NA19098.1.E03" 0.78120961545323 0.113390835152027 0.0392103630833042 0.0661891863114391
"NA19098.1.E05" 0.753127385802709 0.205968639391521 0.000395253873581011 0.0405087209321895
"NA19098.1.E06" 0.704788580926955 0.161699991999847 0.0619664485725647 0.0715449785006338
"NA19098.1.E07" 0.601325869849639 0.31002027127219 0.0223837129810979 0.0662701458970726
"NA19098.1.E08" 0.72762242713555 0.0938494274636097 0.0923807818506578 0.0861473635501827
"NA19098.1.E09" 0.684552196041906 0.139972390423043 0.0731946710753233 0.102280742459727
"NA19098.1.E10" 0.741826844651825 0.106727066192812 0.0753567131640761 0.0760893759912864
"NA19098.1.E11" 0.648342081407525 0.247754625148384 0.0384333290723206 0.0654699643717703
"NA19098.1.E12" 0.732780128185786 0.163728502875649 0.0363607981330136 0.0671305708055514
"NA19098.1.F01" 0.591415024594037 0.130199799061536 0.127680495752173 0.150704680592254
"NA19098.1.F02" 0.770580678306489 0.0652646647023928 0.0860093513047961 0.0781453056863217
"NA19098.1.F03" 0.82093336295748 0.111736688139359 0.00844791122532285 0.0588820376778381
"NA19098.1.F04" 0.548573026018973 0.334275783459863 0.0758369079582687 0.0413142825628953
"NA19098.1.F06" 0.335295494372665 0.550174977102221 0.0786777188509618 0.035851809674152
"NA19098.1.F07" 0.633791497485314 0.280263355314179 0.0280600386170509 0.057885108583456
"NA19098.1.F08" 0.690956122199825 0.212848396828645 0.0412410287228823 0.0549544522486482
"NA19098.1.F09" 0.79612071945228 0.125400577558869 0.00055581083379989 0.0779228921550508
"NA19098.1.F10" 0.79418402376066 0.0867373052275116 0.0522144847266346 0.0668641862851937
"NA19098.1.F11" 0.799138268054307 0.130093323937164 0.00842110464158429 0.0623473033669444
"NA19098.1.F12" 0.712745395497495 0.189261443268308 0.0174715019647803 0.0805216592694164
"NA19098.1.G01" 0.668250350264807 0.266511062955914 0.00982978682282855 0.0554087999564505
"NA19098.1.G02" 0.756646796021625 0.110567911406699 0.052582989341388 0.0802023032302888
"NA19098.1.G03" 0.583525058308988 0.256852757182838 0.0930311129290988 0.0665910715790746
"NA19098.1.G04" 0.678801943696956 0.180951308566308 0.0793813354395489 0.0608654122971867
"NA19098.1.G05" 0.741011639217636 0.133173875571519 0.0501329804800228 0.0756815047308227
"NA19098.1.G06" 0.668033828103945 0.167761988132676 0.0897806790917947 0.0744235046715835
"NA19098.1.G07" 0.627497072151538 0.23047233748188 0.0583034761829015 0.0837271141836807
"NA19098.1.G08" 0.730047026181824 0.170028954323435 0.0344319931424511 0.0654920263522901
"NA19098.1.G09" 0.684973600722038 0.149270305587252 0.0877177265341816 0.0780383671565282
"NA19098.1.G10" 0.748052256652704 0.109766673831649 0.0655888543299774 0.0765922151856688
"NA19098.1.G11" 0.721654931302988 0.100235566193473 0.09389553044922 0.0842139720543196
"NA19098.1.G12" 0.727582219069185 0.217563086023432 0.000809568052585121 0.0540451268547978
"NA19098.1.H01" 0.790902662713255 0.131877224435153 0.0147960285910718 0.0624240842605206
"NA19098.1.H02" 0.661681232404263 0.252005525499655 0.0173634483710513 0.0689497937250308
"NA19098.1.H03" 0.556887091924774 0.265325633845639 0.110442650107011 0.0673446241225757
"NA19098.1.H04" 0.744423263965638 0.179090077891005 0.0211777527398102 0.0553089054035473
"NA19098.1.H05" 0.811251785848133 0.148667728201552 0.000623317453828633 0.0394571684964858
"NA19098.1.H06" 0.413590309711517 0.397045838381249 0.1199970762496 0.069366775657635
"NA19098.1.H07" 0.574990319001935 0.226953436608789 0.124020898515428 0.0740353458738474
"NA19098.1.H08" 0.343235597049875 0.35487826457526 0.211552834516021 0.0903333038588449
"NA19098.1.H09" 0.517111462155847 0.300338443805118 0.119904607213165 0.0626454868258703
"NA19098.1.H10" 0.704063584571132 0.150537797038898 0.0810535452724775 0.0643450731174929
"NA19098.1.H11" 0.732251464828737 0.131317127996703 0.0649784333015771 0.0714529738729831
"NA19098.1.H12" 0.670511984116348 0.27172891538239 0.00380093905055734 0.0539581614507052
"NA19098.2.A01" 0.214506347879059 0.599807027671305 0.122658578666229 0.0630280457834067
"NA19098.2.A02" 0.795783331847324 0.127122403950682 0.00107084144089763 0.0760234227610957
"NA19098.2.A03" 0.804602457026793 0.125318372746049 0.000289055692663088 0.0697901145344946
"NA19098.2.A04" 0.816072605691171 0.0767313534750877 0.0327405086917561 0.0744555321419848
"NA19098.2.A05" 0.83304079321159 0.0729614899293914 0.0104005417969864 0.0835971750620327
"NA19098.2.A06" 0.326671470596661 0.485571282896112 0.133772350560464 0.0539848959467627
"NA19098.2.A07" 0.807117453351604 0.0689138832021067 0.0248012094780253 0.0991674539682636
"NA19098.2.A08" 0.804725265481787 0.0790340515492615 0.0270983612677974 0.0891423217011542
"NA19098.2.A09" 0.358555762885505 0.372611669612825 0.19876457259047 0.0700679949111992
"NA19098.2.A10" 0.752472643345948 0.173354619075219 0.00834935140078372 0.0658233861780495
"NA19098.2.A11" 0.758192097620641 0.0797239630487199 0.0680366689036118 0.0940472704270273
"NA19098.2.B01" 0.328580831264175 0.452496396738603 0.163013459827224 0.0559093121699982
"NA19098.2.B02" 0.78988414489274 0.109215004453997 0.0194613953128565 0.0814394553404064
"NA19098.2.B03" 0.796366573088704 0.109122979334944 0.0160152705657941 0.0784951770105579
"NA19098.2.B04" 0.788397988933867 0.102316240982936 0.0351780358648948 0.074107734218302
"NA19098.2.B05" 0.79424706868569 0.0895895777406119 0.0297550905682555 0.0864082630054427
"NA19098.2.B06" 0.80551346614732 0.0718705941799093 0.0306396142151564 0.0919763254576145
"NA19098.2.B07" 0.812718127443405 0.112690473134021 0.00247579037254277 0.0721156090500312
"NA19098.2.B08" 0.821265229821713 0.087855811532557 0.00631968191147128 0.0845592767342589
"NA19098.2.B09" 0.756596941727057 0.0911948511885443 0.0557190064643686 0.0964892006200299
"NA19098.2.B10" 0.861338433130794 0.065803823161865 0.000470125648594572 0.0723876180587466
"NA19098.2.B11" 0.328230314523502 0.462526337491021 0.140610818930966 0.068632529054511
"NA19098.2.C01" 0.723643975469833 0.176268648911712 0.0346487688785477 0.0654386067399071
"NA19098.2.C02" 0.703251822895417 0.15611412962585 0.04415885724716 0.0964751902315723
"NA19098.2.C03" 0.690890623506342 0.151093915741963 0.0630672825444687 0.0949481782072258
"NA19098.2.C04" 0.461876543298997 0.27267372750829 0.175663190777046 0.0897865384156667
"NA19098.2.C05" 0.742179941185375 0.15391375722313 0.0308551521219712 0.0730511494695237
"NA19098.2.C06" 0.632162197567737 0.243130096933508 0.0563475391536672 0.0683601663450877
"NA19098.2.C07" 0.758860840408351 0.163819826304591 0.00721800713171309 0.0701013261553448
"NA19098.2.C08" 0.722653290259937 0.11724717444907 0.0731465503567345 0.0869529849342583
"NA19098.2.C09" 0.291617576651175 0.466975591230688 0.165908034544553 0.0754987975735839
"NA19098.2.C10" 0.67851832653256 0.15183894325545 0.0888432100039432 0.0807995202080461
"NA19098.2.C11" 0.802857054906763 0.110993640113865 0.0106602140295308 0.0754890909498417
"NA19098.2.C12" 0.829308071318222 0.115915768288876 0.00112664815171034 0.0536495122411916
"NA19098.2.D01" 0.768423256227858 0.174553587519926 0.000440102963035039 0.0565830532891811
"NA19098.2.D02" 0.522666828725608 0.318593453193133 0.0971773338665905 0.0615623842146691
"NA19098.2.D03" 0.558384967585379 0.293709433376426 0.0876436957535135 0.0602619032846815
"NA19098.2.D04" 0.633144108431855 0.211587892676701 0.0849811173855701 0.070286881505874
"NA19098.2.D05" 0.793003161684097 0.091820634926364 0.0337388854609924 0.0814373179285466
"NA19098.2.D06" 0.760836076233128 0.119021321848408 0.0320608057886341 0.0880817961298295
"NA19098.2.D08" 0.766984610050678 0.127631761483043 0.0374554361694046 0.0679281922968751
"NA19098.2.D09" 0.323566376390729 0.530097424902779 0.104642129910717 0.0416940687957762
"NA19098.2.D10" 0.675204761798563 0.185460138292395 0.0703434973100011 0.0689916025990411
"NA19098.2.D11" 0.742357275318596 0.103576227262852 0.061776406822585 0.0922900905959678
"NA19098.2.D12" 0.813468697512079 0.104964703578912 0.00810277140062086 0.0734638275083875
"NA19098.2.E01" 0.814004017384834 0.131625384910045 0.0010105910086121 0.0533600066965096
"NA19098.2.E02" 0.818148582090496 0.0928185484836668 0.0179614934258787 0.071071375999959
"NA19098.2.E03" 0.817729233055654 0.102553115350671 0.00799732476167588 0.0717203268319998
"NA19098.2.E04" 0.335155087909499 0.465813439785365 0.159352459717231 0.0396790125879058
"NA19098.2.E05" 0.73125387588198 0.185145467977723 0.0135939097044509 0.0700067464358464
"NA19098.2.E06" 0.805751225063273 0.135005261303234 0.000292742029967093 0.0589507716035258
"NA19098.2.E07" 0.608103992366286 0.367144043561255 0.000397061793860777 0.0243549022785983
"NA19098.2.E08" 0.798795955219694 0.113122838973699 0.0140776957324825 0.0740035100741245
"NA19098.2.E09" 0.870503498857351 0.0656357828360635 0.000442111649567535 0.0634186066570176
"NA19098.2.E11" 0.782779190508817 0.0841381846664209 0.0505313457786419 0.0825512790461201
"NA19098.2.E12" 0.724728189790738 0.175240973839926 0.0267697213488416 0.0732611150204947
"NA19098.2.F01" 0.334276189808102 0.469909520614474 0.138478983291395 0.0573353062860293
"NA19098.2.F02" 0.814811445937113 0.108863223001498 0.000795746386840998 0.0755295846745483
"NA19098.2.F03" 0.806333083171609 0.107816653280373 0.013622019000302 0.0722282445477151
"NA19098.2.F04" 0.676519029757179 0.207629084262321 0.0486503268860729 0.0672015590944273
"NA19098.2.F05" 0.795712292769082 0.0665298706890643 0.0538685018732152 0.083889334668639
"NA19098.2.F07" 0.777772863932658 0.120744990377637 0.0293454574935166 0.0721366881961882
"NA19098.2.F08" 0.799438860037602 0.140464748472171 0.0053934701721566 0.05470292131807
"NA19098.2.F09" 0.868133579542949 0.0765221717726596 0.000300698401200382 0.0550435502831912
"NA19098.2.F10" 0.781885326074508 0.151604291216975 0.00904152110544091 0.0574688616030761
"NA19098.2.F11" 0.350116906166706 0.431078241529237 0.144006618012183 0.0747982342918747
"NA19098.2.F12" 0.847736645043774 0.0910662783154537 0.00023627527299592 0.0609608013677767
"NA19098.2.G01" 0.376581587686735 0.425634500190126 0.143704697863261 0.0540792142598783
"NA19098.2.G02" 0.795137338794564 0.123337753503731 0.00147245635485596 0.0800524513468489
"NA19098.2.G03" 0.797809312252049 0.128171916232784 0.000956094633471057 0.0730626768816963
"NA19098.2.G04" 0.889576285413462 0.0408486573624409 0.00102847832849248 0.0685465788956047
"NA19098.2.G05" 0.614563054638402 0.305726225958733 0.0371057547281 0.0426049646747654
"NA19098.2.G06" 0.755159411540679 0.132990282586354 0.0398913944093466 0.0719589114636209
"NA19098.2.G07" 0.754990804420477 0.108025072600358 0.0494982535898331 0.0874858693893323
"NA19098.2.G08" 0.745371583589247 0.145030335475846 0.0350570626322595 0.0745410183026469
"NA19098.2.G09" 0.809708546393582 0.110348258173116 0.00769048636151802 0.0722527090717834
"NA19098.2.G10" 0.488435829903397 0.300092738262436 0.1435006591395 0.0679707726946669
"NA19098.2.G11" 0.60369665267975 0.2275035221953 0.0905833495095107 0.0782164756154396
"NA19098.2.G12" 0.687006648534289 0.102738485198104 0.0924686504174841 0.117786215850123
"NA19098.2.H01" 0.416771940814778 0.400756594352916 0.127911749853003 0.0545597149793025
"NA19098.2.H02" 0.743101308680305 0.154458294881224 0.0329640214145235 0.0694763750239475
"NA19098.2.H03" 0.73750473157817 0.162668411104476 0.0270821183636445 0.0727447389537092
"NA19098.2.H04" 0.748821577181495 0.120330845487087 0.063472341601549 0.0673752357298693
"NA19098.2.H05" 0.849638623206882 0.075431836729833 0.0070749238915847 0.0678546161716999
"NA19098.2.H06" 0.694185319331478 0.204904729493003 0.0468476638032907 0.0540622873722281
"NA19098.2.H07" 0.393020475914528 0.451434413260174 0.0988250848635091 0.0567200259617894
"NA19098.2.H08" 0.33184142436435 0.514422404836362 0.108193686912907 0.0455424838863811
"NA19098.2.H10" 0.817028281189467 0.09794681929072 0.0101602971197029 0.0748646024001103
"NA19098.2.H11" 0.789372268093305 0.131910860733954 0.0117023214874173 0.0670145496853242
"NA19098.2.H12" 0.398185032739468 0.475112320885819 0.074186907507714 0.0525157388669992
"NA19098.3.A03" 0.830012113774109 0.0924288239301467 0.00286004046748715 0.0746990218282569
"NA19098.3.A05" 0.427429735149932 0.431834274254491 0.0907963833954322 0.0499396072001452
"NA19098.3.A06" 0.691556344303437 0.182044310412151 0.0575961133243809 0.0688032319600314
"NA19098.3.A07" 0.487472471036283 0.377748230413677 0.0819619086089505 0.0528173899410896
"NA19098.3.A08" 0.788191634548658 0.115535524841978 0.0114234532513079 0.0848493873580561
"NA19098.3.A12" 0.784174474067044 0.124891961931329 0.0214345245130218 0.0694990394886052
"NA19098.3.B01" 0.687820292513548 0.205352448166903 0.042965701692748 0.0638615576268009
"NA19098.3.B02" 0.496672439283143 0.343412275666887 0.0917849759050763 0.0681303091448941
"NA19098.3.B03" 0.828126992969137 0.0958838125694443 0.000812908406636046 0.0751762860547827
"NA19098.3.B04" 0.851324277661556 0.0557866776993216 0.00733550792786477 0.0855535367112575
"NA19098.3.B05" 0.819377552661181 0.0733509937702739 0.029276311984049 0.0779951415844961
"NA19098.3.B06" 0.536041318500478 0.274280274305675 0.110677008226745 0.079001398967102
"NA19098.3.B07" 0.870376752634308 0.0670355483127602 0.00014390920304637 0.0624437898498853
"NA19098.3.B08" 0.800785852899034 0.111211625261542 0.00120152502073854 0.0868009968186851
"NA19098.3.B09" 0.846431649304615 0.0674641949391258 0.014755382703672 0.0713487730525876
"NA19098.3.B11" 0.817966021175476 0.107088331941411 0.000601189369521882 0.0743444575135912
"NA19098.3.B12" 0.740243290040546 0.118414797119058 0.0520470316214526 0.0892948812189429
"NA19098.3.C01" 0.803190875235189 0.133505286903051 0.000674154865043395 0.0626296829967167
"NA19098.3.C02" 0.59737482544965 0.186003432814973 0.12834114221903 0.0882805995163463
"NA19098.3.C03" 0.700546043619215 0.206929691039467 0.0340654534881763 0.058458811853142
"NA19098.3.C04" 0.820298791283762 0.112258600821991 0.00537282084371067 0.0620697870505359
"NA19098.3.C05" 0.814076181471949 0.110341294059392 0.00328307782605205 0.0722994466426074
"NA19098.3.C07" 0.404825551417084 0.402105555366789 0.124962274781083 0.0681066184350447
"NA19098.3.C08" 0.501133511899373 0.217891355914453 0.185652830563869 0.0953223016223048
"NA19098.3.C09" 0.842356790364106 0.0482914217220581 0.0267059567270853 0.0826458311867501
"NA19098.3.C10" 0.84577515285939 0.0921575048935372 0.000491156156680036 0.0615761860903931
"NA19098.3.C11" 0.81905120735908 0.124460799070328 0.0012311906850663 0.0552568028855257
"NA19098.3.C12" 0.760413596498115 0.180428609861486 0.000390752680351911 0.0587670409600465
"NA19098.3.D01" 0.450954939421084 0.329068039301863 0.16087072521489 0.0591062960621636
"NA19098.3.D02" 0.523925056899881 0.25306843045744 0.132598672587952 0.0904078400547266
"NA19098.3.D03" 0.832457534595154 0.0699595781301511 0.0154055636107378 0.0821773236639571
"NA19098.3.D05" 0.831767952339685 0.0719945248667664 0.0162874270999784 0.0799500956935705
"NA19098.3.D07" 0.822104667144015 0.0506353415660723 0.0364464952659068 0.0908134960240057
"NA19098.3.D09" 0.813888196062308 0.101261152261292 0.004526801236443 0.0803238504399566
"NA19098.3.D10" 0.813845311082152 0.119451057881816 0.000728836923412073 0.0659747941126191
"NA19098.3.D11" 0.744628781202977 0.143949327668637 0.0398601711480318 0.0715617199803549
"NA19098.3.D12" 0.683657379018852 0.242689997322723 0.0157520735315592 0.0579005501268665
"NA19098.3.E01" 0.812481852575306 0.102721096899165 0.0169823981538204 0.0678146523717088
"NA19098.3.E02" 0.842584887898138 0.0949224105359133 0.000914237555779271 0.0615784640101693
"NA19098.3.E03" 0.830192527180234 0.0871781693547668 0.0101921058353635 0.072437197629636
"NA19098.3.E04" 0.777609406371642 0.154299250367862 0.00045281408691911 0.0676385291735765
"NA19098.3.E05" 0.402746413389371 0.423773018986454 0.114870423757955 0.0586101438662204
"NA19098.3.E06" 0.473372332783266 0.333338458228468 0.115832838246724 0.0774563707415415
"NA19098.3.E07" 0.558685465651402 0.329800459432381 0.0189224914956263 0.0925915834205907
"NA19098.3.E08" 0.44444139909086 0.422528457400233 0.086679183903383 0.0463509596055244
"NA19098.3.E09" 0.523523407111987 0.366913081321017 0.0578851750916579 0.0516783364753384
"NA19098.3.E10" 0.819280324619982 0.0824093829233278 0.0111446538283922 0.0871656386282979
"NA19098.3.E11" 0.887202318934505 0.055257923918724 0.000432670726343437 0.0571070864204276
"NA19098.3.E12" 0.821710414030045 0.115244615188767 0.000770094967075806 0.0622748758141129
"NA19098.3.F01" 0.545730388039217 0.240187543187566 0.138733503564962 0.0753485652082554
"NA19098.3.F03" 0.758632693336832 0.142148726166319 0.0345647619364572 0.0646538185603917
"NA19098.3.F04" 0.780832428753854 0.156041695603483 0.000794853206811514 0.0623310224358518
"NA19098.3.F05" 0.771044931726034 0.172218474719942 0.00119193998035405 0.0555446535736693
"NA19098.3.F06" 0.792647066698152 0.147706102217999 0.00662699774843101 0.0530198333354178
"NA19098.3.F07" 0.592981761932412 0.294854704805007 0.0572886355959484 0.0548748976666321
"NA19098.3.F09" 0.838989493258972 0.0905561075113159 0.00061076179946057 0.0698436374302513
"NA19098.3.F10" 0.766553352851187 0.111101718000056 0.045585043749742 0.0767598853990151
"NA19098.3.F11" 0.393701369844226 0.432185977076247 0.1149744732586 0.0591381798209273
"NA19098.3.G01" 0.860116002669889 0.0769971011401366 0.00157171039843167 0.0613151857915425
"NA19098.3.G02" 0.475078572553134 0.372456602965231 0.0893151958164354 0.0631496286651987
"NA19098.3.G03" 0.409383578928322 0.420149359574861 0.117722190940754 0.0527448705560633
"NA19098.3.G04" 0.486628953056528 0.3828404603023 0.077425264855676 0.0531053217854957
"NA19098.3.G05" 0.903593743217882 0.0309016698444523 0.000611969100230408 0.0648926178374351
"NA19098.3.G06" 0.785579523545427 0.151932670532313 0.00667597998841208 0.0558118259338476
"NA19098.3.G07" 0.490065016602306 0.363923057368888 0.0904490327243144 0.0555628933044917
"NA19098.3.G08" 0.478531625583445 0.337009944255389 0.120948623202781 0.0635098069583849
"NA19098.3.G09" 0.550419656039966 0.281460609546776 0.108548326265901 0.0595714081473571
"NA19098.3.G10" 0.893499723779097 0.0410868150215292 0.000137486956372205 0.0652759742430014
"NA19098.3.G11" 0.466713013930994 0.430812198466574 0.0574313396508702 0.0450434479515619
"NA19098.3.G12" 0.451199737773804 0.385668822578772 0.108069785360141 0.0550616542872836
"NA19098.3.H01" 0.477946288664943 0.316879941291255 0.132842346766205 0.0723314232775972
"NA19098.3.H02" 0.742679173837482 0.164025938675558 0.0413322925771221 0.0519625949098377
"NA19098.3.H03" 0.77009709250548 0.110951605263779 0.035481620450395 0.083469681780346
"NA19098.3.H04" 0.831642800648232 0.0445698093588288 0.0267846349775183 0.0970027550154206
"NA19098.3.H05" 0.776419307841341 0.148093681133969 0.0119251737510495 0.0635618372736402
"NA19098.3.H06" 0.827247880440692 0.113560632485215 0.000432026450241687 0.058759460623851
"NA19098.3.H07" 0.52002852997538 0.282646546449023 0.104753463663997 0.0925714599116006
"NA19098.3.H08" 0.506301498102604 0.341313950472252 0.0855983283232126 0.0667862231019313
"NA19098.3.H09" 0.595829616008695 0.287956965008337 0.0715101060113127 0.0447033129716552
"NA19098.3.H10" 0.795041685311994 0.111935226572232 0.0274054037715524 0.0656176843442216
"NA19098.3.H11" 0.62073628091211 0.319224448815336 0.00284067544618851 0.0571985948263652
"NA19098.3.H12" 0.838632952693037 0.096042903814427 0.000602102004570268 0.0647220414879654
"NA19239.1.A01" 0.687346368289358 0.211097588800458 0.0301521595492795 0.0714038833609049
"NA19239.1.A02" 0.597686644298791 0.267301898071867 0.05234931315197 0.082662144477371
"NA19239.1.A03" 0.697954332323666 0.214309865332351 0.00576968775110329 0.0819661145928795
"NA19239.1.A04" 0.546815548552321 0.195076531377092 0.132210719058811 0.125897201011776
"NA19239.1.A05" 0.821846373052737 0.0932950831341319 0.0108505955673706 0.0740079482457602
"NA19239.1.A06" 0.706785336470647 0.141927272833477 0.0664877429627091 0.0847996477331676
"NA19239.1.A07" 0.454673918123744 0.383775930127163 0.0956763907385992 0.0658737610104937
"NA19239.1.A08" 0.673752902422125 0.231993939314883 0.031503801436587 0.0627493568264052
"NA19239.1.A09" 0.583323934397535 0.243489276861142 0.0900325976508134 0.0831541910905093
"NA19239.1.A10" 0.76363475355403 0.136180348663883 0.0191116772082136 0.0810732205738736
"NA19239.1.A11" 0.699565245286641 0.148847352063731 0.0567282524514311 0.0948591501981971
"NA19239.1.A12" 0.636633335616047 0.198961872787044 0.0702573067453381 0.0941474848515705
"NA19239.1.B02" 0.695293395170984 0.121857260209946 0.0652113396782578 0.117638004940813
"NA19239.1.B03" 0.671616532035743 0.238477823743626 0.0283419732204413 0.0615636710001899
"NA19239.1.B05" 0.608672904036586 0.203106445325285 0.102101417621648 0.0861192330164812
"NA19239.1.B06" 0.467649538812189 0.354494283288264 0.0971634141316865 0.0806927637678603
"NA19239.1.B07" 0.595822534760983 0.267300460865833 0.070668262982077 0.0662087413911066
"NA19239.1.B08" 0.81971100175536 0.125821895810428 0.00059269086226001 0.0538744115719518
"NA19239.1.B09" 0.749658916647999 0.107792796113173 0.0673861254684585 0.07516216177037
"NA19239.1.B10" 0.478409849754111 0.361576928902629 0.0947764581086705 0.0652367632345886
"NA19239.1.B11" 0.766103674862074 0.16321338705644 0.00936482204008845 0.0613181160413967
"NA19239.1.B12" 0.834856160732916 0.111459826715156 0.000336570090718851 0.0533474424612083
"NA19239.1.C01" 0.58386779763326 0.232390752332808 0.109112440043623 0.0746290099903098
"NA19239.1.C02" 0.840474992351443 0.0613499503004235 0.0166357455337283 0.0815393118144048
"NA19239.1.C03" 0.787233014268211 0.139906564065356 0.0118733808029221 0.0609870408635114
"NA19239.1.C05" 0.763306203504548 0.110081123649038 0.0494998369344436 0.0771128359119703
"NA19239.1.C06" 0.66309634691725 0.223771368466106 0.0484003056003703 0.0647319790162744
"NA19239.1.C07" 0.394989078003929 0.417682505509155 0.113540823716671 0.0737875927702449
"NA19239.1.C08" 0.686342906196482 0.168252050775388 0.0732359054694604 0.0721691375586694
"NA19239.1.C09" 0.839881390836653 0.0984272598295496 0.000512029685655141 0.0611793196481419
"NA19239.1.C10" 0.762650082141692 0.1449497495479 0.0245041426543166 0.0678960256560916
"NA19239.1.C11" 0.568112191818495 0.333378259160146 0.0356598264479219 0.0628497225734372
"NA19239.1.C12" 0.779389656531148 0.111934350642442 0.0371078218519403 0.0715681709744697
"NA19239.1.D01" 0.791000194021931 0.154581810341365 0.00709103274107322 0.0473269628956309
"NA19239.1.D02" 0.755328924869346 0.178268994402775 0.00239475144043503 0.0640073292874445
"NA19239.1.D03" 0.545937931795846 0.272355509707985 0.107657657767052 0.0740489007291169
"NA19239.1.D04" 0.704168963982198 0.210259769016504 0.0170261479438909 0.0685451190574073
"NA19239.1.D05" 0.668071454550606 0.309206779124429 0.00140883870037407 0.0213129276245905
"NA19239.1.D06" 0.734716935321328 0.116682720364734 0.0703877550697929 0.0782125892441453
"NA19239.1.D07" 0.392200985921457 0.408086227666359 0.124726381258767 0.0749864051534175
"NA19239.1.D08" 0.80200090206154 0.128923043771709 0.0105892909189783 0.0584867632477722
"NA19239.1.D09" 0.740372810133532 0.147521269490695 0.0353693951230439 0.076736525252729
"NA19239.1.D10" 0.655047352884368 0.228205721652657 0.0464529797236176 0.0702939457393571
"NA19239.1.D11" 0.724981627910762 0.133331934326295 0.0603843214049034 0.0813021163580391
"NA19239.1.D12" 0.61256210798464 0.257257202057513 0.0552991944038073 0.0748814955540394
"NA19239.1.E01" 0.785792956716982 0.14343335504964 0.00845599971545192 0.0623176885179258
"NA19239.1.E02" 0.829864400939005 0.0863523104071156 0.0132658817317363 0.0705174069221428
"NA19239.1.E03" 0.720924724996457 0.161565812330804 0.0525717528306898 0.0649377098420498
"NA19239.1.E04" 0.729476922674771 0.153359744926168 0.0481625853663416 0.06900074703272
"NA19239.1.E05" 0.423364246860225 0.287385163373929 0.190588699019784 0.098661890746062
"NA19239.1.E06" 0.595668772760511 0.169693599518992 0.137541367919595 0.0970962598009019
"NA19239.1.E07" 0.671981947026357 0.151348436379169 0.103740338747251 0.072929277847224
"NA19239.1.E08" 0.765456827113671 0.0971000320072104 0.0680899955538724 0.0693531453252466
"NA19239.1.E09" 0.783120403918996 0.135399322617665 0.0172351391311547 0.064245134332184
"NA19239.1.E10" 0.68165511149995 0.198106016461203 0.0550557223237575 0.0651831497150889
"NA19239.1.E11" 0.681152695704676 0.140548252733798 0.10672689549021 0.0715721560713168
"NA19239.1.E12" 0.792402846290845 0.0890016479029661 0.0487983057653386 0.0697972000408503
"NA19239.1.F01" 0.686816001892316 0.156280805809818 0.0915360679365171 0.0653671243613483
"NA19239.1.F02" 0.69703712502899 0.201475029348093 0.0475377183688338 0.053950127254083
"NA19239.1.F03" 0.686322022594098 0.219726341582135 0.0468271767463319 0.0471244590774354
"NA19239.1.F04" 0.739413378726328 0.149710523241158 0.0469171889556419 0.0639589090768721
"NA19239.1.F05" 0.337019351767569 0.498661271222001 0.115814296514089 0.0485050804963412
"NA19239.1.F06" 0.768018136232897 0.183456917174285 0.000538275066606853 0.0479866715262108
"NA19239.1.F07" 0.751657685091583 0.148203038216591 0.0321105780973754 0.0680286985944508
"NA19239.1.F08" 0.745266171717316 0.162230508348103 0.0201483976426423 0.0723549222919383
"NA19239.1.F09" 0.723043883324909 0.152423756652815 0.0637262423190181 0.0608061177032575
"NA19239.1.F10" 0.817846880983015 0.131323299031318 0.000510482394743109 0.0503193375909236
"NA19239.1.F11" 0.717548885462498 0.189301739522324 0.0317012712311671 0.061448103784011
"NA19239.1.F12" 0.75854212386705 0.127893953760141 0.041931470327161 0.0716324520456485
"NA19239.1.G01" 0.719900373561681 0.198476148539962 0.0164023615196118 0.065221116378745
"NA19239.1.G02" 0.640373104954426 0.19755948185996 0.0875232085469389 0.0745442046386746
"NA19239.1.G03" 0.719006593092418 0.173016624501925 0.035094805890785 0.0728819765148721
"NA19239.1.G04" 0.67260291083784 0.208305604581123 0.0497684340118908 0.0693230505691466
"NA19239.1.G05" 0.510778815989799 0.365570429174251 0.0584832026929402 0.0651675521430098
"NA19239.1.G06" 0.70046170964138 0.178113991890424 0.0410270799487046 0.0803972185194919
"NA19239.1.G07" 0.617947109973029 0.251250020109376 0.0689551108185031 0.0618477590990915
"NA19239.1.G08" 0.584896061902431 0.281198435666755 0.0567330851301908 0.0771724173006227
"NA19239.1.G09" 0.677652606528731 0.169144734685248 0.0706558543885113 0.0825468043975097
"NA19239.1.G10" 0.790220691534341 0.13833618055419 0.00382649061720988 0.0676166372942593
"NA19239.1.G11" 0.760933421981781 0.150079186904762 0.0255619987663721 0.0634253923470845
"NA19239.1.G12" 0.750467580277521 0.183992946668833 0.00875126740501238 0.0567882056486334
"NA19239.1.H01" 0.667959380394033 0.218372452178066 0.0454609690557979 0.0682071983721038
"NA19239.1.H03" 0.775054108572692 0.162709474858143 0.00124053061975507 0.0609958859494104
"NA19239.1.H04" 0.660083763655816 0.214713813773866 0.0476632686884459 0.0775391538818721
"NA19239.1.H05" 0.681059886707543 0.186785494407506 0.0505352222121329 0.081619396672818
"NA19239.1.H06" 0.738420603842543 0.149707635739386 0.0369901100338352 0.0748816503842358
"NA19239.1.H07" 0.752584367536373 0.135793403383755 0.0367557600558664 0.0748664690240063
"NA19239.1.H08" 0.654308746926582 0.221585297367002 0.0490446442423409 0.0750613114640756
"NA19239.1.H09" 0.556808283717527 0.230000001734405 0.11860307508853 0.0945886394595375
"NA19239.1.H10" 0.823286552075463 0.127592486149077 0.0011533935452981 0.0479675682301623
"NA19239.1.H11" 0.872258329183998 0.0751846019535598 0.000599815635706195 0.0519572532267365
"NA19239.1.H12" 0.828380787929311 0.096565644747438 0.0107245634319528 0.0643290038912988
"NA19239.2.A01" 0.740936055016071 0.203394187491601 0.00249194210999766 0.0531778153823302
"NA19239.2.A02" 0.843175784236964 0.0729938666606585 0.00136580098606124 0.0824645481163158
"NA19239.2.A04" 0.769777021443517 0.138989445732639 0.0131360132735684 0.0780975195502759
"NA19239.2.A05" 0.788260578097065 0.143023949157879 0.0162352261789543 0.0524802465661021
"NA19239.2.A06" 0.755834352522744 0.0884137773821865 0.054536247543261 0.101215622551808
"NA19239.2.A07" 0.831099756767886 0.0387358770540692 0.0347941148029216 0.0953702513751235
"NA19239.2.A08" 0.845069681846728 0.0756332667415587 0.0011329832727867 0.0781640681389267
"NA19239.2.A09" 0.824715557183596 0.0761711174355908 0.0138027649125604 0.0853105604682525
"NA19239.2.A10" 0.354055779668183 0.226716232753893 0.266225868546295 0.153002119031628
"NA19239.2.A11" 0.790852598672243 0.0548090799361339 0.0546583494687993 0.0996799719228242
"NA19239.2.A12" 0.780991351761996 0.0943447595781384 0.0353225120676757 0.0893413765921899
"NA19239.2.B01" 0.211608442637645 0.443882661378335 0.268970908817247 0.0755379871667722
"NA19239.2.B02" 0.765515260043863 0.11593372922175 0.0459012003590683 0.0726498103753186
"NA19239.2.B03" 0.362253370505949 0.416785563249851 0.162713040804937 0.058248025439264
"NA19239.2.B04" 0.848290574661265 0.0820663596442158 0.00109329191162887 0.0685497737828903
"NA19239.2.B05" 0.704298764381312 0.133762188179403 0.0593594476575217 0.102579599781763
"NA19239.2.B06" 0.828145571271154 0.0888431604001339 0.00784421670163272 0.0751670516270794
"NA19239.2.B07" 0.833610139829491 0.0776859217408263 0.00152321598398974 0.0871807224456928
"NA19239.2.B08" 0.702657927365217 0.189100625058006 0.0342756172752585 0.0739658303015193
"NA19239.2.B09" 0.848761961660646 0.0463527843786159 0.0141825833110045 0.0907026706497339
"NA19239.2.B11" 0.357019401825585 0.498720109763389 0.0823456550373383 0.0619148333736882
"NA19239.2.B12" 0.814811566721635 0.0946639938712652 0.0158901029080468 0.0746343364990531
"NA19239.2.C02" 0.631300976454433 0.236824708296426 0.0723148542088848 0.0595594610402561
"NA19239.2.C03" 0.362777913328063 0.413873789002374 0.15437644058036 0.0689718570892026
"NA19239.2.C04" 0.796081754098532 0.0897347922333582 0.0461726262962998 0.06801082737181
"NA19239.2.C05" 0.645754356401347 0.248713201293635 0.0371575059155466 0.0683749363894712
"NA19239.2.C06" 0.479697999281482 0.460836132065546 0.0227342459420102 0.0367316227109621
"NA19239.2.C07" 0.814756649349787 0.0812170440274612 0.0263644672035246 0.0776618394192274
"NA19239.2.C08" 0.322282441849315 0.406753199464123 0.165570786240693 0.105393572445869
"NA19239.2.C09" 0.780862308040408 0.0857197117050621 0.0525549960863217 0.0808629841682086
"NA19239.2.C11" 0.82738912592482 0.0785801925978642 0.0139133888259203 0.0801172926513958
"NA19239.2.C12" 0.745531576401115 0.17329691940411 0.0108648407535353 0.0703066634412398
"NA19239.2.D01" 0.631950483490624 0.210252107199247 0.0861747610658803 0.071622648244249
"NA19239.2.D02" 0.827592136957994 0.0833402622393275 0.0147854128666387 0.0742821879360392
"NA19239.2.D03" 0.681451225589855 0.19202938734118 0.0633938495999352 0.0631255374690289
"NA19239.2.D04" 0.86095177532231 0.0563601528113627 0.0174031672047079 0.0652849046616197
"NA19239.2.D05" 0.801785116733972 0.138218195138942 0.00369141425959608 0.0563052738674905
"NA19239.2.D06" 0.795121503158158 0.132982950529418 0.0170016403360085 0.0548939059764148
"NA19239.2.D07" 0.254649087935649 0.513656216021347 0.170489322334371 0.0612053737086328
"NA19239.2.D08" 0.551799304181644 0.268668062355406 0.0922213107011198 0.0873113227618304
"NA19239.2.D09" 0.317718318981056 0.452761556860934 0.163254894265981 0.0662652298920287
"NA19239.2.D11" 0.840850037783391 0.0985079319463883 0.000426783069121643 0.0602152472010994
"NA19239.2.D12" 0.234670429928494 0.608315252572069 0.0915942049280326 0.0654201125714042
"NA19239.2.E01" 0.76886234878197 0.170881756647366 0.00207987759364231 0.0581760169770221
"NA19239.2.E02" 0.842734348277158 0.0913796686474935 0.00252094137677454 0.0633650416985735
"NA19239.2.E04" 0.793094032999752 0.0993672564503201 0.0385649936025988 0.0689737169473295
"NA19239.2.E05" 0.829342452280117 0.10133387998477 0.00684663181578521 0.0624770359193281
"NA19239.2.E06" 0.817802389982262 0.063854866113896 0.0424819946162056 0.0758607492876365
"NA19239.2.E07" 0.782794693473138 0.145155456765723 0.0201078920264546 0.0519419577346841
"NA19239.2.E08" 0.736927370436011 0.116987521494363 0.0781460157135273 0.0679390923560988
"NA19239.2.E09" 0.304250084677668 0.553173743706793 0.111261357922395 0.031314813693144
"NA19239.2.E11" 0.740671269823539 0.133609850915422 0.0638262030079215 0.0618926762531168
"NA19239.2.E12" 0.654453778103143 0.184114410404119 0.0847038550158359 0.0767279564769019
"NA19239.2.F01" 0.74402190985015 0.133978611742574 0.0514255340320162 0.0705739443752591
"NA19239.2.F02" 0.672716861794566 0.18244132457233 0.0566774352853818 0.0881643783477226
"NA19239.2.F03" 0.709992149127194 0.237417352236466 0.000544234889541769 0.0520462637467982
"NA19239.2.F04" 0.274817780571623 0.49655364083981 0.154494703013276 0.07413387557529
"NA19239.2.F05" 0.764813929851795 0.174956710546995 0.000691196680292307 0.0595381629209181
"NA19239.2.F06" 0.337229090778701 0.480575024822426 0.135765347745442 0.0464305366534309
"NA19239.2.F07" 0.363550904954645 0.455456567463592 0.134334707064014 0.0466578205177494
"NA19239.2.F08" 0.796460550300957 0.0936901043939517 0.0355299507081089 0.0743193945969828
"NA19239.2.F09" 0.640605562025525 0.222186948910955 0.08031936793248 0.0568881211310403
"NA19239.2.F10" 0.817725668972893 0.1259154859184 0.000327442624447169 0.0560314024842597
"NA19239.2.F11" 0.82751073998646 0.117905379627214 0.000495273944740556 0.0540886064415852
"NA19239.2.F12" 0.433196731988177 0.440743726766011 0.0821375974383521 0.0439219438074599
"NA19239.2.G01" 0.803295038800668 0.114237606746648 0.00743269004930188 0.0750346644033816
"NA19239.2.G02" 0.754847311451199 0.133405220080084 0.0400393735137046 0.0717080949550123
"NA19239.2.G03" 0.428667139105357 0.42037746528376 0.0778249525960159 0.0731304430148668
"NA19239.2.G04" 0.785497225150195 0.0953217482269066 0.0387160041966663 0.0804650224262326
"NA19239.2.G05" 0.843671751654439 0.105116266707421 0.000840688768579937 0.0503712928695593
"NA19239.2.G06" 0.753504474439358 0.145617655299697 0.0333847026662512 0.0674931675946934
"NA19239.2.G07" 0.756014914497492 0.160848159895563 0.0201933528859247 0.0629435727210198
"NA19239.2.G08" 0.488785595747394 0.319398216193934 0.137771353181238 0.0540448348774338
"NA19239.2.G09" 0.86851470162794 0.0363679843278981 0.0170875842623167 0.0780297297818453
"NA19239.2.G10" 0.86640027499499 0.0670035440161205 0.00456643476024145 0.0620297462286477
"NA19239.2.G11" 0.902142255800177 0.0293045225104816 0.000523142327443676 0.0680300793618979
"NA19239.2.G12" 0.83357226776535 0.0900387940363214 0.00739126699758648 0.0689976712007423
"NA19239.2.H01" 0.793594763526487 0.104641531495448 0.032580975122284 0.0691827298557814
"NA19239.2.H02" 0.368713399201595 0.432250426018129 0.147671676196668 0.0513644985836074
"NA19239.2.H03" 0.35920878494086 0.499780469616093 0.0867461718479043 0.0542645735951429
"NA19239.2.H04" 0.8126429124176 0.108772672121361 0.0108664659686435 0.0677179494923956
"NA19239.2.H05" 0.603105231605684 0.294944565116008 0.0325570192565426 0.069393184021766
"NA19239.2.H06" 0.749583727811181 0.165998677497004 0.0244246582650683 0.0599929364267464
"NA19239.2.H07" 0.422827758014022 0.416246775469752 0.108688324139379 0.0522371423768463
"NA19239.2.H08" 0.78035235898133 0.0855644809656456 0.0381185395644243 0.0959646204885998
"NA19239.2.H09" 0.727748724957072 0.154032466763737 0.0390594015559825 0.0791594067232086
"NA19239.2.H10" 0.883375194466607 0.0470923689819916 0.000612064667196175 0.0689203718842052
