"1" "2" "3" "4"
"NA19098.1.A01" 0.680764891401134 0.168761005826556 0.106397372234952 0.0440767305373585
"NA19098.1.A02" 0.521493334566691 0.417599499641035 0.0565664749808288 0.00434069081144551
"NA19098.1.A03" 0.633952659121783 0.265264430809379 0.0809419098325095 0.0198410002363286
"NA19098.1.A04" 0.635933991002621 0.249643325773202 0.0975640603255362 0.0168586228986413
"NA19098.1.A05" 0.609817225418943 0.321995407495627 0.0553431842160493 0.0128441828693803
"NA19098.1.A06" 0.558060171045674 0.248604570370059 0.173007512504849 0.0203277460794171
"NA19098.1.A07" 0.597442630016699 0.289105224618261 0.0737671146548633 0.0396850307101759
"NA19098.1.A08" 0.532536536180093 0.283156328394845 0.183789915711975 0.000517219713087551
"NA19098.1.A09" 0.67836022420724 0.200215903639274 0.0897599644573846 0.0316639076961017
"NA19098.1.A10" 0.537381915573087 0.217763854774203 0.241199955793459 0.00365427385925032
"NA19098.1.A11" 0.587514966795741 0.249813673336975 0.122216851821622 0.0404545080456618
"NA19098.1.A12" 0.630345379443541 0.268201875305213 0.056348137934829 0.0451046073164167
"NA19098.1.B01" 0.5303304976338 0.377096535758482 0.074954170316633 0.017618796291085
"NA19098.1.B02" 0.61967242988035 0.320654419170078 0.0359662215734708 0.0237069293761014
"NA19098.1.B03" 0.591398764937655 0.130804352717992 0.247816617884585 0.0299802644597687
"NA19098.1.B05" 0.628958599592701 0.264216874191124 0.0695042979933721 0.0373202282228029
"NA19098.1.B06" 0.603983516548938 0.272434284173434 0.0936971210629756 0.0298850782146525
"NA19098.1.B07" 0.577377011858214 0.36146900803553 0.0409325890616867 0.0202213910445694
"NA19098.1.B08" 0.512005854746313 0.133269583582242 0.328985108751485 0.0257394529199603
"NA19098.1.B09" 0.609231461291424 0.157728071283108 0.182791095500496 0.0502493719249724
"NA19098.1.B10" 0.744792622249446 0.131523216871552 0.101505759746119 0.0221784011328823
"NA19098.1.B11" 0.642431391379753 0.20704229784562 0.133864438978475 0.0166618717961524
"NA19098.1.B12" 0.543157507614444 0.335347658897977 0.0917116907618289 0.0297831427257501
"NA19098.1.C01" 0.556925709875252 0.283116918118137 0.157222484505226 0.00273488750138433
"NA19098.1.C02" 0.538751373630882 0.315427239668509 0.122188813162625 0.0236325735379834
"NA19098.1.C03" 0.624807083007079 0.305437365758562 0.0534673445492042 0.0162882066851546
"NA19098.1.C04" 0.623218298221544 0.261912291895131 0.0969493028140472 0.0179201070692777
"NA19098.1.C05" 0.603081368485745 0.190436291213019 0.186611095992686 0.0198712443085494
"NA19098.1.C06" 0.609079665735121 0.281506957664623 0.066354115106078 0.0430592614941777
"NA19098.1.C07" 0.523581903706413 0.205983429396809 0.230587556643093 0.0398471102536858
"NA19098.1.C08" 0.700851280090735 0.201005889791224 0.069290206682837 0.0288526234352038
"NA19098.1.C09" 0.644580730825379 0.234370312101393 0.118900077959223 0.00214887911400526
"NA19098.1.C10" 0.553698255364747 0.376600110050255 0.0605531226712691 0.00914851191372888
"NA19098.1.C11" 0.513033526384653 0.216344028357633 0.252251573885876 0.018370871371838
"NA19098.1.C12" 0.604353271778845 0.139612506203769 0.178479917233144 0.077554304784242
"NA19098.1.D01" 0.591169420646256 0.299407262393622 0.0906858138404392 0.0187375031196823
"NA19098.1.D02" 0.608163983055649 0.225263272446516 0.159973647723115 0.00659909677471989
"NA19098.1.D03" 0.559820310485363 0.365716353151081 0.0604722312895098 0.0139911050740456
"NA19098.1.D04" 0.481656255804462 0.267490539907223 0.205869512203367 0.0449836920849483
"NA19098.1.D05" 0.692876841894838 0.210753509376669 0.0951063958341187 0.0012632528943749
"NA19098.1.D06" 0.471986732508469 0.312869602393304 0.210155415132347 0.00498824996587948
"NA19098.1.D07" 0.802303947570792 0.0396461951051617 0.120190476627056 0.0378593806969909
"NA19098.1.D08" 0.605489573731344 0.129046528497281 0.263666672700104 0.00179722507127214
"NA19098.1.D09" 0.711320504017388 0.145886998636976 0.0779180013922145 0.0648744959534208
"NA19098.1.D10" 0.588692926994108 0.274914080307028 0.115226862137321 0.0211661305615433
"NA19098.1.D11" 0.660054247841655 0.248871622836812 0.0542960439477658 0.0367780853737673
"NA19098.1.D12" 0.572935207478418 0.369778755444345 0.0468367758555283 0.0104492612217086
"NA19098.1.E01" 0.6326998670384 0.259429042470236 0.1013761012886 0.00649498920276406
"NA19098.1.E02" 0.553909091811675 0.286841770817719 0.12728628913453 0.0319628482360762
"NA19098.1.E03" 0.59370445602091 0.3089759488112 0.0621037962815805 0.0352157988863101
"NA19098.1.E05" 0.604959971540111 0.314850514218152 0.0607040778102218 0.0194854364315154
"NA19098.1.E06" 0.620074021731841 0.302774733776831 0.047395588284545 0.0297556562067823
"NA19098.1.E07" 0.70482234334989 0.178808977616034 0.0715915556919139 0.0447771233421623
"NA19098.1.E08" 0.542752501274967 0.24539624573281 0.208571774326154 0.00327947866606874
"NA19098.1.E09" 0.548518963642558 0.196099234489422 0.210012439215294 0.0453693626527262
"NA19098.1.E10" 0.599685461722426 0.268543187589793 0.103301028313469 0.0284703223743117
"NA19098.1.E11" 0.507368290523324 0.208057063460535 0.269928570575235 0.0146460754409062
"NA19098.1.E12" 0.522765821931761 0.273972427487196 0.181086611127935 0.022175139453108
"NA19098.1.F01" 0.627912894770631 0.174129104369267 0.14626062515755 0.0516973757025527
"NA19098.1.F02" 0.501299306193802 0.374785051542201 0.116820721885125 0.00709492037887237
"NA19098.1.F03" 0.58368178562676 0.351725638185574 0.0411027449160018 0.0234898312716635
"NA19098.1.F04" 0.628004772646835 0.198032662912079 0.160283675380599 0.0136788890604866
"NA19098.1.F06" 0.734422465762522 0.105171537205013 0.112138053446296 0.0482679435861686
"NA19098.1.F07" 0.734474329390406 0.153380779299155 0.0957860829573333 0.0163588083531057
"NA19098.1.F08" 0.570578226790341 0.342050913083905 0.0839517703061502 0.00341908981960395
"NA19098.1.F09" 0.586424061545702 0.177182425895156 0.196102237737769 0.0402912748213729
"NA19098.1.F10" 0.495706741464816 0.356924331322173 0.11647876463347 0.0308901625795411
"NA19098.1.F11" 0.660413149420873 0.261674324595015 0.0549840213671739 0.0229285046169379
"NA19098.1.F12" 0.643737269385183 0.183983932748176 0.140278428432747 0.0320003694338932
"NA19098.1.G01" 0.591496942527529 0.201891391866873 0.175608189544942 0.031003476060657
"NA19098.1.G02" 0.572237499288959 0.313021872277338 0.099172156838944 0.0155684715947583
"NA19098.1.G03" 0.667949399249256 0.199752420245653 0.115373209023081 0.0169249714820113
"NA19098.1.G04" 0.581065725648993 0.251804529761297 0.161968111955168 0.00516163263454184
"NA19098.1.G05" 0.618427322084756 0.242637569916004 0.120666693961761 0.0182684140374792
"NA19098.1.G06" 0.567176877366945 0.187760441670123 0.234749053266783 0.0103136276961497
"NA19098.1.G07" 0.608808247952458 0.147850262783498 0.212265644142683 0.0310758451213614
"NA19098.1.G08" 0.602877561529399 0.261104621540409 0.115488262305103 0.0205295546250891
"NA19098.1.G09" 0.640247576639921 0.245877677584832 0.0956637931179146 0.0182109526573316
"NA19098.1.G10" 0.515793237371611 0.215874732640044 0.262950585587116 0.00538144440122879
"NA19098.1.G11" 0.486734203720931 0.253858766412946 0.239763246516859 0.019643783349265
"NA19098.1.G12" 0.660532300627995 0.24296288598949 0.0935692100473857 0.00293560333512935
"NA19098.1.H01" 0.566913389196134 0.314213385551013 0.109283837388889 0.00958938786396422
"NA19098.1.H02" 0.658437704115833 0.251629028982078 0.0624208450403999 0.0275124218616895
"NA19098.1.H03" 0.702517609009954 0.21851566681541 0.0566763325561448 0.0222903916184908
"NA19098.1.H04" 0.636613162063894 0.302870701601599 0.0322396815582666 0.0282764547762401
"NA19098.1.H05" 0.564015405697871 0.333815776078814 0.082802586364435 0.0193662318588798
"NA19098.1.H06" 0.761312131129457 0.118481746490957 0.0846667573365354 0.0355393650430503
"NA19098.1.H07" 0.707697255559208 0.217027602647319 0.0633693702699779 0.0119057715234953
"NA19098.1.H08" 0.759389449838673 0.117029244187067 0.0870862526034924 0.0364950533707672
"NA19098.1.H09" 0.696083958140264 0.101803334975293 0.170165711323729 0.0319469955607135
"NA19098.1.H10" 0.569110624723315 0.344213178465643 0.0730848575780376 0.0135913392330038
"NA19098.1.H11" 0.584951690701731 0.330549703895053 0.0639390895201798 0.0205595158830368
"NA19098.1.H12" 0.596784170004034 0.273812285404131 0.0971305114459221 0.0322730331459134
"NA19098.2.A01" 0.844986931350424 0.00906802898792494 0.129632292153951 0.0163127475076994
"NA19098.2.A02" 0.547961148330788 0.361743889692435 0.0411033090547636 0.0491916529220134
"NA19098.2.A03" 0.558083414306647 0.37186440832592 0.0253151298128177 0.0447370475546158
"NA19098.2.A04" 0.557156973340135 0.368284613289087 0.0523223613553454 0.0222360520154335
"NA19098.2.A05" 0.52549882506651 0.286965115566983 0.175577981375387 0.0119580779911209
"NA19098.2.A06" 0.717621549840665 0.184004641478513 0.0673309258408931 0.0310428828399282
"NA19098.2.A07" 0.483619749685499 0.325076156624682 0.173722183382898 0.0175819103069213
"NA19098.2.A08" 0.538527314814634 0.354628607994767 0.0740550084301731 0.0327890687604261
"NA19098.2.A09" 0.768977040282854 0.134701265327916 0.0661393635747698 0.0301823308144603
"NA19098.2.A10" 0.60923366670234 0.293224652246678 0.0611050536296199 0.0364366274213626
"NA19098.2.A11" 0.568999022156647 0.347163465773761 0.0640713643738401 0.0197661476957519
"NA19098.2.B01" 0.681793066285819 0.168941653952294 0.099029985577446 0.0502352941844408
"NA19098.2.B02" 0.558826396872311 0.266694758720509 0.146288650723075 0.0281901936841046
"NA19098.2.B03" 0.521521899581664 0.284391089543692 0.155623961289797 0.038463049584847
"NA19098.2.B04" 0.603502512192359 0.345987331811641 0.0438008223856687 0.00670933361033063
"NA19098.2.B05" 0.53945226915172 0.239500035579816 0.187487595849329 0.0335600994191355
"NA19098.2.B06" 0.531542073809506 0.256947698671047 0.20579548433121 0.00571474318823716
"NA19098.2.B07" 0.518014348515843 0.385172123387533 0.0516205127256101 0.0451930153710141
"NA19098.2.B08" 0.517620722330977 0.260678178916921 0.186607265783472 0.0350938329686307
"NA19098.2.B09" 0.536979885386288 0.202351499399848 0.250741104474794 0.00992751073907043
"NA19098.2.B10" 0.547152635221538 0.336525890895624 0.0930533395921441 0.0232681342906936
"NA19098.2.B11" 0.774438931068227 0.0836727020249143 0.0968125460306234 0.0450758208762357
"NA19098.2.C01" 0.542306118289319 0.355002881793209 0.0801592801744028 0.0225317197430697
"NA19098.2.C02" 0.567195212286041 0.208583835465683 0.209287664713664 0.0149332875346127
"NA19098.2.C03" 0.570583533410094 0.201037016538111 0.206488833590002 0.0218906164617929
"NA19098.2.C04" 0.742303822754857 0.137237335863151 0.0669740077264729 0.0534848336555189
"NA19098.2.C05" 0.562711238952223 0.329614614632971 0.0893071379109367 0.01836700850387
"NA19098.2.C06" 0.651651279199988 0.204425805590126 0.123691742161654 0.0202311730482326
"NA19098.2.C07" 0.55416511550922 0.279053530602054 0.139775481710084 0.0270058721786418
"NA19098.2.C08" 0.573329512039023 0.326797394298163 0.0851326153327843 0.01474047833003
"NA19098.2.C09" 0.762671602188124 0.0656843385655681 0.125845452856245 0.0457986063900624
"NA19098.2.C10" 0.586835977612872 0.322758701668852 0.0648344373505582 0.0255708833677182
"NA19098.2.C11" 0.60267627958723 0.326811280678561 0.030244202283305 0.0402682374509045
"NA19098.2.C12" 0.581535614141694 0.351807099320452 0.0376566203975145 0.0290006661403395
"NA19098.2.D01" 0.645030207819071 0.272096808412501 0.0443317861046155 0.0385411976638123
"NA19098.2.D02" 0.695572708583857 0.219966635392132 0.0601246023203559 0.0243360537036545
"NA19098.2.D03" 0.675316735237009 0.228934327491781 0.060789213913657 0.0349597233575532
"NA19098.2.D04" 0.610071829961397 0.290431797946333 0.0764446623141761 0.0230517097780946
"NA19098.2.D05" 0.468402989931949 0.296208034315 0.234669659602403 0.000719316150648398
"NA19098.2.D06" 0.525064332810668 0.219034217808148 0.230711946671148 0.0251895027100368
"NA19098.2.D08" 0.504203535284554 0.378972906047753 0.0869694720864949 0.0298540865811986
"NA19098.2.D09" 0.772749492818547 0.103575596186288 0.0700007607919489 0.0536741502032164
"NA19098.2.D10" 0.573568741771805 0.359795355269656 0.0255473661379427 0.0410885368205959
"NA19098.2.D11" 0.520884049096448 0.209078434827875 0.248902269496906 0.0211352465787713
"NA19098.2.D12" 0.575289206837075 0.26265214733008 0.155319610391198 0.00673903544164707
"NA19098.2.E01" 0.549235775143067 0.408277492505527 0.00503536429749293 0.0374513680539133
"NA19098.2.E02" 0.514967908998659 0.395552735516743 0.0595601921851974 0.0299191632994005
"NA19098.2.E03" 0.530802419627829 0.394994511305065 0.0464546565396535 0.0277484125274523
"NA19098.2.E04" 0.678254934041238 0.218911323972725 0.0813391520788351 0.0214945899072017
"NA19098.2.E05" 0.579495742601419 0.3553591497042 0.043120448511254 0.0220246591831267
"NA19098.2.E06" 0.610548385445117 0.366595346433691 0.00330820902886952 0.0195480590923227
"NA19098.2.E07" 0.602713131623314 0.277602969093464 0.0741434956274493 0.0455404036557726
"NA19098.2.E08" 0.56168356069286 0.364012688688407 0.0440681850300532 0.0302355655886799
"NA19098.2.E09" 0.4998908977865 0.419067049138364 0.072244296450719 0.00879775662441714
"NA19098.2.E11" 0.460513893476096 0.314524480781203 0.211058217713549 0.0139034080291514
"NA19098.2.E12" 0.624007414812575 0.295253194776734 0.0672784454821242 0.0134609449285667
"NA19098.2.F01" 0.771420568989671 0.0645047141319162 0.113787801331596 0.0502869155468163
"NA19098.2.F02" 0.540718562677215 0.341128841734745 0.0998914993688041 0.0182610962192365
"NA19098.2.F03" 0.549348362547098 0.321943040126005 0.112750406537673 0.0159581907892238
"NA19098.2.F04" 0.655241784293785 0.248460746203774 0.0602396821383949 0.0360577873640463
"NA19098.2.F05" 0.472539024938929 0.26689206344323 0.237966644890472 0.0226022667273681
"NA19098.2.F07" 0.543214684270213 0.298000306974314 0.12883782705108 0.0299471817043938
"NA19098.2.F08" 0.55650156969649 0.354386883398696 0.060914547203876 0.0281969997009377
"NA19098.2.F09" 0.550501409798593 0.403721710187134 0.0370250588499637 0.00875182116430864
"NA19098.2.F10" 0.591630889131715 0.331765226845021 0.0570370685611748 0.0195668154620889
"NA19098.2.F11" 0.750496509634836 0.0796450457851821 0.130845043334818 0.039013401245164
"NA19098.2.F12" 0.582369609275696 0.316129262793356 0.0714526292333762 0.0300484986975716
"NA19098.2.G01" 0.709245238740996 0.142925785499811 0.105558300364279 0.0422706753949141
"NA19098.2.G02" 0.56388082951087 0.347826394557425 0.0406460442256597 0.0476467317060452
"NA19098.2.G03" 0.567534294128439 0.362376030586341 0.0258946568777959 0.0441950184074236
"NA19098.2.G04" 0.466547589324661 0.38804942937139 0.126855869454511 0.0185471118494385
"NA19098.2.G05" 0.595765415430605 0.262576600421968 0.105757946494667 0.0359000376527601
"NA19098.2.G06" 0.586576749507405 0.367283345902586 0.0192734921586722 0.0268664124313369
"NA19098.2.G07" 0.60366196415734 0.223688549730545 0.170308401084993 0.00234108502712176
"NA19098.2.G08" 0.603890415386196 0.309354517654727 0.0346112745358216 0.052143792423255
"NA19098.2.G09" 0.587224305835778 0.364469750328166 0.0217898226936195 0.0265161211424361
"NA19098.2.G10" 0.650352854118863 0.191311721726183 0.0958786668070438 0.0624567573479099
"NA19098.2.G11" 0.655386945045985 0.238256528824341 0.0723672682634189 0.0339892578662549
"NA19098.2.G12" 0.635877375308279 0.294842052653265 0.0208862410635958 0.0483943309748608
"NA19098.2.H01" 0.719254472329712 0.138989374557344 0.102960113406473 0.0387960397064715
"NA19098.2.H02" 0.585628320863003 0.312858986705219 0.0742711208255874 0.0272415716061905
"NA19098.2.H03" 0.575920776414383 0.330494015419071 0.0729411349250735 0.0206440732414723
"NA19098.2.H04" 0.560961520421902 0.369251654982476 0.0501982606424312 0.0195885639531911
"NA19098.2.H05" 0.59413998272821 0.377425464133391 0.0197542616686072 0.00868029146979212
"NA19098.2.H06" 0.606150943149796 0.33730344335076 0.0390482076669033 0.0174974058325413
"NA19098.2.H07" 0.781291542380464 0.122438190126008 0.0638448742855711 0.032425393207957
"NA19098.2.H08" 0.711372089411185 0.143962812247358 0.0951331774320434 0.0495319209094132
"NA19098.2.H10" 0.531799622603478 0.281303617673566 0.1695587002949 0.017338059428056
"NA19098.2.H11" 0.617822553886426 0.284620437106182 0.0423152266787705 0.0552417823286216
"NA19098.2.H12" 0.71498049783655 0.172966713975269 0.0761568892052085 0.0358958989829728
"NA19098.3.A03" 0.607262465337246 0.279972111678658 0.10149979592495 0.0112656270591457
"NA19098.3.A05" 0.706946726987897 0.105552625000604 0.168615343127264 0.0188853048842352
"NA19098.3.A06" 0.637374343099151 0.243956729804941 0.106678001026454 0.0119909260694537
"NA19098.3.A07" 0.688723892326516 0.13962133466386 0.145840323431917 0.0258144495777067
"NA19098.3.A08" 0.524788759531013 0.214756350447519 0.2347577610513 0.0256971289701675
"NA19098.3.A12" 0.571240220247673 0.280741008224161 0.132095167382939 0.0159236041452259
"NA19098.3.B01" 0.625495056821461 0.259707392291213 0.0976293323228761 0.01716821856445
"NA19098.3.B02" 0.694141587583584 0.159137887619019 0.134443746334757 0.0122767784626408
"NA19098.3.B03" 0.628905991620907 0.232461117651693 0.128987296179051 0.00964559454834898
"NA19098.3.B04" 0.502417487369708 0.275883841099272 0.204452639257932 0.0172460322730874
"NA19098.3.B05" 0.512595601996959 0.260480980062224 0.222984851181323 0.00393856675949434
"NA19098.3.B06" 0.723155997587852 0.114859901085623 0.134490907057511 0.0274931942690141
"NA19098.3.B07" 0.59881626147252 0.229968837392644 0.142353174177801 0.0288617269570339
"NA19098.3.B08" 0.615139741818439 0.195254783922889 0.153480714184906 0.0361247600737662
"NA19098.3.B09" 0.593194317766501 0.320535744398644 0.0820617827640796 0.00420815507077546
"NA19098.3.B11" 0.521409919374731 0.300413020400159 0.161072008355377 0.017105051869732
"NA19098.3.B12" 0.574123200664773 0.228389176725605 0.19282606417643 0.00466155843319215
"NA19098.3.C01" 0.53889878618195 0.279090280224905 0.180659036651668 0.00135189694147697
"NA19098.3.C02" 0.66357013847491 0.170025062088813 0.126573347915305 0.0398314515209719
"NA19098.3.C03" 0.629687218548566 0.260524635985723 0.093647442671621 0.0161407027940905
"NA19098.3.C04" 0.583657764524289 0.300810981783332 0.0891108311463831 0.0264204225459958
"NA19098.3.C05" 0.538902110957969 0.335745915016564 0.117332802492733 0.00801917153273332
"NA19098.3.C07" 0.755402883454992 0.123155649721386 0.113455155800185 0.00798631102343684
"NA19098.3.C08" 0.743538427719525 0.113038809238798 0.140022105478789 0.0034006575628879
"NA19098.3.C09" 0.484667683943292 0.245662536217239 0.266932112565005 0.0027376672744645
"NA19098.3.C10" 0.595500908431694 0.31240328839397 0.0765719547390116 0.0155238484353249
"NA19098.3.C11" 0.566519117316859 0.314419029078974 0.0858135524218259 0.0332483011823412
"NA19098.3.C12" 0.553116071011143 0.280844164751938 0.159520795460689 0.00651896877623019
"NA19098.3.D01" 0.660963312202913 0.194334068458815 0.132276017593717 0.0124266017445556
"NA19098.3.D02" 0.70159413344855 0.168096942551193 0.104592140392967 0.0257167836072905
"NA19098.3.D03" 0.532958761752913 0.206761153151739 0.242633744533026 0.0176463405623217
"NA19098.3.D05" 0.459567888340909 0.251560789860261 0.281748644201526 0.00712267759730442
"NA19098.3.D07" 0.564050970181479 0.301580381322877 0.117878851932607 0.0164897965630371
"NA19098.3.D09" 0.545083195614878 0.19401845924771 0.250243090627779 0.0106552545096329
"NA19098.3.D10" 0.523164019771299 0.360760519477741 0.0952427431294494 0.0208327176215109
"NA19098.3.D11" 0.520904418577726 0.257310126604739 0.190630386128902 0.0311550686886334
"NA19098.3.D12" 0.659706338250281 0.19937871390622 0.111210357318017 0.0297045905254817
"NA19098.3.E01" 0.548160818783853 0.339241170729241 0.0945203524683568 0.0180776580185491
"NA19098.3.E02" 0.537471444366555 0.371270226542557 0.0711601698428776 0.0200981592480101
"NA19098.3.E03" 0.564810063084088 0.349007042279199 0.0815197971929799 0.00466309744373285
"NA19098.3.E04" 0.574312226812407 0.280812485215814 0.128981953356343 0.0158933346154363
"NA19098.3.E05" 0.749974547382297 0.0796670727426814 0.145985096693376 0.024373283181645
"NA19098.3.E06" 0.72978779204631 0.111289842034806 0.118967674840367 0.039954691078517
"NA19098.3.E07" 0.667884446114831 0.117713051639934 0.170798473423328 0.0436040288219068
"NA19098.3.E08" 0.718623747890264 0.117391167829361 0.151274218553481 0.0127108657268944
"NA19098.3.E09" 0.705471676261043 0.142479593278021 0.110181253720041 0.0418674767408955
"NA19098.3.E10" 0.522983495228995 0.20349407952843 0.263686807232841 0.00983561800973325
"NA19098.3.E11" 0.547165287698868 0.36060991889392 0.0853065301004384 0.0069182633067744
"NA19098.3.E12" 0.574376014691076 0.32915920923158 0.078544295772109 0.0179204803052346
"NA19098.3.F01" 0.676445493635112 0.216490708856366 0.0914673639912129 0.0155964335173088
"NA19098.3.F03" 0.53949142045783 0.33859799495949 0.107382493334248 0.0145280912484318
"NA19098.3.F04" 0.624817573922219 0.295179313591721 0.0753897014253691 0.00461341106069075
"NA19098.3.F05" 0.557965720938119 0.313030096530359 0.119374496296499 0.00962968623502309
"NA19098.3.F06" 0.563094752411893 0.375985265362533 0.0515450810172733 0.00937490120830045
"NA19098.3.F07" 0.640955401736777 0.2111343518157 0.121031277376106 0.0268789690714168
"NA19098.3.F09" 0.578042709616095 0.309728799969473 0.10258400743092 0.00964448298351204
"NA19098.3.F10" 0.501272096663881 0.225296359272797 0.261792410256696 0.0116391338066269
"NA19098.3.F11" 0.735703808742578 0.107554380986206 0.127173414006015 0.0295683962652012
"NA19098.3.G01" 0.580137483501131 0.30129380886761 0.114350194993301 0.00421851263795815
"NA19098.3.G02" 0.697434505349662 0.125539751138771 0.170288927331588 0.00673681617997825
"NA19098.3.G03" 0.722454940922608 0.0711859369210765 0.171588934620413 0.0347701875359029
"NA19098.3.G04" 0.706650663443637 0.152471939396308 0.130999933384942 0.00987746377511333
"NA19098.3.G05" 0.440711739109849 0.305088737361822 0.253879734998054 0.000319788530275264
"NA19098.3.G06" 0.584782608313137 0.292233706658714 0.11827270981619 0.00471097521195846
"NA19098.3.G07" 0.708782740250966 0.138582115744636 0.131796793766329 0.0208383502380694
"NA19098.3.G08" 0.663089134779524 0.159575289061417 0.15382643955638 0.0235091366026793
"NA19098.3.G09" 0.667537602399585 0.13526116418375 0.193483844548675 0.00371738886798975
"NA19098.3.G10" 0.510449458761519 0.345806552218081 0.125523105243536 0.0182208837768634
"NA19098.3.G11" 0.762473645982861 0.0847647178279317 0.122903772278522 0.0298578639106848
"NA19098.3.G12" 0.774940279047205 0.0873180501588349 0.115557960052839 0.0221837107411209
"NA19098.3.H01" 0.697437999007959 0.169838526035363 0.109381093077081 0.0233423818795965
"NA19098.3.H02" 0.54646222506858 0.2982648192148 0.140094139926267 0.0151788157903534
"NA19098.3.H03" 0.525725268597996 0.224877267303081 0.248827191894866 0.000570272204058088
"NA19098.3.H04" 0.500189992016327 0.238309181675452 0.259886038079909 0.00161478822831102
"NA19098.3.H05" 0.571021801214774 0.322337397621265 0.0997108464082507 0.00692995475571067
"NA19098.3.H06" 0.548573758009212 0.367167790401899 0.0745258024355223 0.00973264915336667
"NA19098.3.H07" 0.756664307337685 0.0831668362987349 0.128651814198369 0.0315170421652109
"NA19098.3.H08" 0.691725585441904 0.156316243819442 0.112936221509347 0.0390219492293063
"NA19098.3.H09" 0.666616692217973 0.232256781551264 0.0928321907051191 0.00829433552564381
"NA19098.3.H10" 0.536504809581711 0.266632504898999 0.183356238426589 0.0135064470927007
"NA19098.3.H11" 0.610391059902212 0.251293920537267 0.106786097756869 0.0315289218036522
"NA19098.3.H12" 0.564172500316092 0.308343181363073 0.107710344565765 0.01977397375507
"NA19239.1.A01" 0.449034081868006 0.412094775454092 0.121017381502373 0.0178537611755289
"NA19239.1.A02" 0.46421578972587 0.342302415872052 0.157665276562702 0.0358165178393759
"NA19239.1.A03" 0.482433829542378 0.386753724648208 0.0951161050754712 0.0356963407339425
"NA19239.1.A04" 0.447512637696816 0.43301685869765 0.0763214974094635 0.0431490061960707
"NA19239.1.A05" 0.434460698447685 0.455332134855282 0.0961348529201905 0.0140723137768424
"NA19239.1.A06" 0.412119361885826 0.40467921433451 0.154696328220942 0.0285050955587213
"NA19239.1.A07" 0.51643136512103 0.362733277755148 0.0741401134972315 0.04669524362659
"NA19239.1.A08" 0.480049174233398 0.429542301965122 0.0570669688491834 0.0333415549522958
"NA19239.1.A09" 0.451235149537899 0.323792378617555 0.177071672903395 0.0479007989411518
"NA19239.1.A10" 0.462885538720341 0.432327637062524 0.0730831871982346 0.0317036370189003
"NA19239.1.A11" 0.409757064405252 0.384398341636593 0.188764358834678 0.0170802351234765
"NA19239.1.A12" 0.477585171150247 0.411291388317726 0.0845474027436336 0.0265760377883933
"NA19239.1.B02" 0.490550310527129 0.308161122689298 0.192619700195057 0.00866886658851609
"NA19239.1.B03" 0.431970655847697 0.508589540894524 0.0415891067532344 0.0178506965045455
"NA19239.1.B05" 0.524839877729568 0.383111677491841 0.0638371764779603 0.0282112683006309
"NA19239.1.B06" 0.514807672725735 0.357911640154378 0.074464256300891 0.0528164308189961
"NA19239.1.B07" 0.527882285835416 0.422241830775472 0.0232309823464301 0.0266449010426821
"NA19239.1.B08" 0.404627515529538 0.505225533315909 0.0645704731023679 0.0255764780521848
"NA19239.1.B09" 0.431710495486381 0.506727035468136 0.041749604373427 0.0198128646720563
"NA19239.1.B10" 0.556218047994417 0.319300671424847 0.067932599616542 0.0565486809641944
"NA19239.1.B11" 0.323407560587082 0.491641362628279 0.181840675713979 0.00311040107065952
"NA19239.1.B12" 0.41612286909861 0.491364345977864 0.0726048017534583 0.0199079831700678
"NA19239.1.C01" 0.43306100774522 0.383717113954999 0.157844209645198 0.025377668654583
"NA19239.1.C02" 0.405913548148037 0.487207323723364 0.0787105876016373 0.0281685405269618
"NA19239.1.C03" 0.424633563402299 0.502522439974482 0.0596669691945882 0.0131770274286307
"NA19239.1.C05" 0.400758289919915 0.419318092415362 0.17828143906143 0.00164217860329414
"NA19239.1.C06" 0.364351660849223 0.396996979843362 0.225706942540999 0.0129444167664157
"NA19239.1.C07" 0.566041509835955 0.32117258745182 0.0627663678886501 0.0500195348235743
"NA19239.1.C08" 0.373965023375598 0.437319682164949 0.186420411660342 0.00229488279911023
"NA19239.1.C09" 0.389629560937975 0.538439332147277 0.0612686900930022 0.0106624168217456
"NA19239.1.C10" 0.397075344071304 0.467856395824105 0.134389449118091 0.000678810986500525
"NA19239.1.C11" 0.514758362449141 0.394757533513214 0.0558107325688231 0.0346733714688216
"NA19239.1.C12" 0.360763899053378 0.403150408786866 0.224622362692997 0.0114633294667586
"NA19239.1.D01" 0.372499291629771 0.500138789516139 0.123517418416738 0.00384450043735193
"NA19239.1.D02" 0.44967983263345 0.47574018569833 0.0580896306234253 0.0164903510447951
"NA19239.1.D03" 0.476751547948312 0.334934747389391 0.145369095679376 0.0429446089829206
"NA19239.1.D04" 0.443471735099873 0.396264664374689 0.144359791481095 0.0159038090443436
"NA19239.1.D05" 0.407218385606753 0.515634385639492 0.0503784990364466 0.026768729717309
"NA19239.1.D06" 0.426829771064121 0.432876593485038 0.128081361690886 0.0122122737599556
"NA19239.1.D07" 0.588755220715831 0.255601771011173 0.0859667295624527 0.0696762787105433
"NA19239.1.D08" 0.378689135072253 0.5014559359882 0.112443064050035 0.00741186488951168
"NA19239.1.D09" 0.448202655754423 0.472117194559457 0.0573433956452701 0.0223367540408498
"NA19239.1.D10" 0.434636871185014 0.458077477708132 0.0833370956335397 0.0239485554733144
"NA19239.1.D11" 0.450657722342021 0.512197659059621 0.0245964781325559 0.0125481404658016
"NA19239.1.D12" 0.467215983484372 0.346812800552633 0.160978505654028 0.0249927103089668
"NA19239.1.E01" 0.426653068388229 0.49581953303709 0.0610164594640289 0.0165109391106526
"NA19239.1.E02" 0.357246822908207 0.443594656281314 0.186852829966929 0.012305690843549
"NA19239.1.E03" 0.406112717133085 0.450026681081491 0.105470021769582 0.0383905800158421
"NA19239.1.E04" 0.383748969994655 0.521977138114561 0.0814992442060858 0.0127746476846974
"NA19239.1.E05" 0.518197313990693 0.335688222222696 0.102231927818239 0.0438825359683723
"NA19239.1.E06" 0.364451577969806 0.472655836733688 0.133741785550174 0.0291507997463321
"NA19239.1.E07" 0.388918727894952 0.409712204413281 0.189314866809599 0.0120542008821679
"NA19239.1.E08" 0.335463482905402 0.450569358081284 0.205943966576441 0.00802319243687241
"NA19239.1.E09" 0.402069525396729 0.496768095025977 0.0852132979873993 0.0159490815898948
"NA19239.1.E10" 0.401937494344705 0.462311296587619 0.124795886522687 0.0109553225449893
"NA19239.1.E11" 0.389956029921665 0.397988486201678 0.195680984316519 0.0163744995601389
"NA19239.1.E12" 0.426946982314125 0.499797033943149 0.0366757512736287 0.0365802324690978
"NA19239.1.F01" 0.401434328973459 0.509574599726501 0.0744497953322699 0.0145412759677698
"NA19239.1.F02" 0.482709202948498 0.448918546867251 0.0443512286049877 0.0240210215792635
"NA19239.1.F03" 0.439359775873396 0.492224002307023 0.0408788899036965 0.0275373319158848
"NA19239.1.F04" 0.418299597808839 0.507089432185253 0.0606812949944169 0.0139296750114905
"NA19239.1.F05" 0.532899284850607 0.297437345930299 0.119999758918782 0.0496636103003126
"NA19239.1.F06" 0.413396295470292 0.525362368273562 0.0464696988231456 0.0147716374330009
"NA19239.1.F07" 0.44953176045693 0.477629448946442 0.0479520455276743 0.0248867450689536
"NA19239.1.F08" 0.37452185904442 0.42937759225347 0.193457411615274 0.00264313708683588
"NA19239.1.F09" 0.383404716396892 0.486759897087565 0.094878784337217 0.0349566021783259
"NA19239.1.F10" 0.367429175469061 0.497923741154498 0.112201529194579 0.0224455541818619
"NA19239.1.F11" 0.427222871020764 0.43489827453996 0.118818072953394 0.0190607814858819
"NA19239.1.F12" 0.452813064404235 0.401698155797806 0.127059505798077 0.0184292739998815
"NA19239.1.G01" 0.452744143591674 0.472964984892533 0.0544288515902658 0.0198620199255269
"NA19239.1.G02" 0.479973422483061 0.407730533948673 0.0736521724574721 0.0386438711107935
"NA19239.1.G03" 0.442102380575714 0.381454974484826 0.164531311574576 0.0119113333648837
"NA19239.1.G04" 0.418884605112885 0.4400077307403 0.123169678871628 0.0179379852751867
"NA19239.1.G05" 0.51150368329346 0.403813447570454 0.0643870844141375 0.0202957847219482
"NA19239.1.G06" 0.460575239098549 0.411843975987085 0.102375434734927 0.0252053501794382
"NA19239.1.G07" 0.45577140445748 0.399042124562988 0.119026314992395 0.0261601559871372
"NA19239.1.G08" 0.511484198029961 0.380450260031215 0.0817303873281038 0.02633515461072
"NA19239.1.G09" 0.500850121519061 0.434288530685859 0.0502146266287984 0.0146467211662813
"NA19239.1.G10" 0.435294888764681 0.491318402905514 0.0684306479435021 0.00495606038630318
"NA19239.1.G11" 0.393986247904923 0.447590274136142 0.147204117033143 0.0112193609257918
"NA19239.1.G12" 0.444252268686638 0.4772969114609 0.0725526707448726 0.00589814910759027
"NA19239.1.H01" 0.433814252415044 0.376384564098435 0.172583619900282 0.01721756358624
"NA19239.1.H03" 0.411507647651515 0.493112057758723 0.0768325998954863 0.0185476946942761
"NA19239.1.H04" 0.516166308646842 0.404468199975484 0.0395245737356649 0.0398409176420088
"NA19239.1.H05" 0.364772272385851 0.499382481345209 0.0853925992776627 0.0504526469912777
"NA19239.1.H06" 0.372789151079459 0.462081862481605 0.142686618506316 0.0224423679326193
"NA19239.1.H07" 0.387422559667916 0.440271125774497 0.146264229624375 0.0260420849332121
"NA19239.1.H08" 0.45697199925475 0.475882132616649 0.0482966667436351 0.0188492013849659
"NA19239.1.H09" 0.417979074091905 0.372216442069185 0.185102785995957 0.0247016978429529
"NA19239.1.H10" 0.40147373148582 0.461893138660693 0.134888009888197 0.00174511996529045
"NA19239.1.H11" 0.355877109076443 0.571050290749529 0.053355538263381 0.0197170619106471
"NA19239.1.H12" 0.322783455596931 0.494911447108395 0.174670413315356 0.00763468397931798
"NA19239.2.A01" 0.558670047820197 0.354275676510097 0.0492194041540419 0.0378348715156642
"NA19239.2.A02" 0.447925451578175 0.404289050865961 0.127727427755539 0.0200580698003248
"NA19239.2.A04" 0.438534047717163 0.286265120305288 0.257454271596221 0.0177465603813274
"NA19239.2.A05" 0.466662980748537 0.476830131396503 0.0268534274186722 0.0296534604362882
"NA19239.2.A06" 0.480544035823141 0.249706131076109 0.259527909222902 0.0102219238778483
"NA19239.2.A07" 0.471332636026055 0.454037490463294 0.041193756695953 0.0334361168146986
"NA19239.2.A08" 0.454689422941101 0.401433601819953 0.138986269113493 0.0048907061254538
"NA19239.2.A09" 0.474123760067149 0.410676559246797 0.082383091224934 0.0328165894611197
"NA19239.2.A10" 0.620595976030433 0.209447676845509 0.106897159975139 0.0630591871489182
"NA19239.2.A11" 0.452716726039371 0.440775447668337 0.0474308300352812 0.0590769962570113
"NA19239.2.A12" 0.471243051746519 0.353298258990293 0.134837813884616 0.0406208753785715
"NA19239.2.B01" 0.625291390657918 0.156922053122688 0.132226877110287 0.0855596791091071
"NA19239.2.B02" 0.553117812775738 0.379208928906286 0.0451957410448529 0.0224775172731229
"NA19239.2.B03" 0.675966754557333 0.183094455407354 0.129427600568283 0.0115111894670305
"NA19239.2.B04" 0.424034544497655 0.464319011163677 0.110496930492774 0.00114951384589323
"NA19239.2.B05" 0.460012835920698 0.391430130986145 0.0901147447206427 0.0584422883725144
"NA19239.2.B06" 0.495732155971323 0.372537069838807 0.125797696954351 0.00593307723551919
"NA19239.2.B07" 0.450925723108176 0.396176248632032 0.124343239098795 0.0285547891609965
"NA19239.2.B08" 0.525684935017103 0.395044809022586 0.0372495563071492 0.0420206996531618
"NA19239.2.B09" 0.456732965441009 0.403717142866719 0.101725305351358 0.0378245863409144
"NA19239.2.B11" 0.643737262574526 0.153065178534452 0.199921192645657 0.00327636624536438
"NA19239.2.B12" 0.479343686171088 0.426772057550189 0.080661067945889 0.0132231883328342
"NA19239.2.C02" 0.544083709396228 0.348546353415424 0.0389545317343051 0.0684154054540433
"NA19239.2.C03" 0.643520667484946 0.241876821437936 0.068516922699688 0.0460855883774301
"NA19239.2.C04" 0.520235676444363 0.4117705342319 0.064703289044684 0.00329050027905314
"NA19239.2.C05" 0.47186819273985 0.363344533007202 0.109807489503746 0.054979784749202
"NA19239.2.C06" 0.657016709637229 0.247249900787124 0.0749585986724232 0.020774790903224
"NA19239.2.C07" 0.417723610766617 0.438324373173735 0.135430181079687 0.00852183497996192
"NA19239.2.C08" 0.723941686310317 0.119006356683046 0.0919314757392242 0.0651204812674125
"NA19239.2.C09" 0.44127093791488 0.349104006186431 0.200457105996075 0.00916794990261299
"NA19239.2.C11" 0.464034623837197 0.415200440353314 0.0994817693779553 0.0212831664315332
"NA19239.2.C12" 0.469522774752962 0.326288749586237 0.172893280469756 0.0312951951910442
"NA19239.2.D01" 0.568178537755233 0.311903144192391 0.0866863355882892 0.0332319824640867
"NA19239.2.D02" 0.502836149290285 0.413281727413987 0.0752347484094914 0.00864737488623686
"NA19239.2.D03" 0.541975088563137 0.369919362739874 0.0558601862761154 0.0322453624208734
"NA19239.2.D04" 0.405352894748499 0.52166808260259 0.0668950751748043 0.00608394747410606
"NA19239.2.D05" 0.527579515448089 0.385509931506166 0.0450913035769316 0.041819249468813
"NA19239.2.D06" 0.52019937404154 0.388935912045857 0.0676079573175503 0.0232567565950517
"NA19239.2.D07" 0.708589699837667 0.15903331733133 0.0630993256003867 0.0692776572306164
"NA19239.2.D08" 0.489771354630077 0.321399984011478 0.0790710050522718 0.109757656306174
"NA19239.2.D09" 0.693432412200736 0.141120502017006 0.0973021385732495 0.0681449472090087
"NA19239.2.D11" 0.480012435937532 0.465534757177293 0.0193639919963212 0.0350888148888541
"NA19239.2.D12" 0.760388767403616 0.0582972768434224 0.102017274221949 0.0792966815310123
"NA19239.2.E01" 0.528732996101674 0.388125028578779 0.0699880460207731 0.0131539292987741
"NA19239.2.E02" 0.505413935108258 0.386621987000666 0.0848421360349344 0.0231219418561418
"NA19239.2.E04" 0.404312291664111 0.471889150407884 0.0770341791366305 0.0467643787913751
"NA19239.2.E05" 0.472199199334025 0.454312062682013 0.062489084690657 0.0109996532933055
"NA19239.2.E06" 0.458862186688123 0.446095615106665 0.0596269379792446 0.035415260225967
"NA19239.2.E07" 0.476714650581729 0.489084572586454 0.0280550580982675 0.00614571873354951
"NA19239.2.E08" 0.486530100853183 0.427337096088336 0.0706235270085629 0.0155092760499174
"NA19239.2.E09" 0.663919664051795 0.196117018508118 0.120893521050823 0.0190697963892641
"NA19239.2.E11" 0.533181217901989 0.407481200400629 0.0507429932279495 0.00859458846943223
"NA19239.2.E12" 0.476712038595955 0.262025462884064 0.229442909632993 0.0318195888869867
"NA19239.2.F01" 0.49489730520386 0.386212544314333 0.0941213105877764 0.0247688398940304
"NA19239.2.F02" 0.59827361005169 0.297006072832811 0.0692550205083933 0.0354652966071064
"NA19239.2.F03" 0.521682576939534 0.372540460166327 0.062299180120299 0.0434777827738399
"NA19239.2.F04" 0.634514576495079 0.185269022942135 0.118333737235108 0.0618826633276787
"NA19239.2.F05" 0.501950183089294 0.434072539081089 0.0161938481130283 0.0477834297165888
"NA19239.2.F06" 0.669387682588501 0.232435395163707 0.0585559095863468 0.0396210126614453
"NA19239.2.F07" 0.685245410989421 0.156544712851897 0.101391334721171 0.0568185414375112
"NA19239.2.F08" 0.425932449264462 0.45894660985534 0.0937161166320984 0.0214048242480994
"NA19239.2.F09" 0.513359572394762 0.37459969139078 0.0595539621795161 0.0524867740349416
"NA19239.2.F10" 0.465842406099492 0.494770164686084 0.0360447989712738 0.00334263024315093
"NA19239.2.F11" 0.508805796052975 0.422059796513773 0.0504680800350437 0.0186663273982084
"NA19239.2.F12" 0.571693031846681 0.299646755756534 0.0945887633233045 0.0340714490734804
"NA19239.2.G01" 0.549973852196836 0.346402032954595 0.0587347469525517 0.0448893678960168
"NA19239.2.G02" 0.483861797916907 0.38595367998111 0.0827096083019173 0.0474749138000656
"NA19239.2.G03" 0.66694101633725 0.177759621970029 0.10863294385596 0.0466664178367616
"NA19239.2.G04" 0.492257973343545 0.335890767666698 0.145169378729139 0.026681880260619
"NA19239.2.G05" 0.48792574139631 0.470521234470495 0.0341522947718197 0.00740072936137583
"NA19239.2.G06" 0.549858386695235 0.389103621108037 0.0488685702446192 0.012169421952109
"NA19239.2.G07" 0.475652748875809 0.441740327956804 0.0784044487986988 0.00420247436868821
"NA19239.2.G08" 0.59933244165524 0.28365916392064 0.0795252704234853 0.037483124000634
"NA19239.2.G09" 0.425207200915451 0.364730659572247 0.199391287832062 0.0106708516802405
"NA19239.2.G10" 0.446560241742399 0.46144178700625 0.0670181553783092 0.0249798158730418
"NA19239.2.G11" 0.454594770919573 0.462995562136293 0.051758676821754 0.0306509901223795
"NA19239.2.G12" 0.474769674511539 0.483708473974474 0.00613849144386063 0.0353833600701262
"NA19239.2.H01" 0.477427440605602 0.363136246106056 0.11808168078911 0.0413546324992325
"NA19239.2.H02" 0.628611987304006 0.196534316633148 0.09931025129767 0.0755434447651761
"NA19239.2.H03" 0.634232363528208 0.162813445702425 0.123695302015359 0.0792588887540077
"NA19239.2.H04" 0.418093269248314 0.464359649440836 0.0927931458785925 0.0247539354322574
"NA19239.2.H05" 0.587742208090699 0.324206662175739 0.0506718067266066 0.0373793230069557
"NA19239.2.H06" 0.514927948714289 0.361017127348421 0.108018833576555 0.0160360903607352
"NA19239.2.H07" 0.619613600291894 0.325631624446921 0.0439279115567018 0.0108268637044831
"NA19239.2.H08" 0.432773003835346 0.356846747072284 0.201043738127745 0.0093365109646245
"NA19239.2.H09" 0.466954996039918 0.392548690004945 0.118112593416107 0.0223837205390298
"NA19239.2.H10" 0.441557065602196 0.40879404135438 0.108885297376356 0.0407635956670671
"NA19239.2.H11" 0.41922791528974 0.338468208184292 0.175970851502808 0.06633302502316
"NA19239.2.H12" 0.426372765392581 0.484196550827736 0.0682126257050848 0.0212180580745978
"NA19239.3.A02" 0.430525897479443 0.47303041960915 0.0547668977082525 0.041676785203155
