"1" "2" "3"
"NA19098.1.A01" 0.497756205432582 0.313098163528913 0.189145631038505
"NA19098.1.A02" 0.75550080854898 0.107000644075942 0.137498547375078
"NA19098.1.A03" 0.616364476907255 0.250931541427545 0.1327039816652
"NA19098.1.A04" 0.587841373446086 0.240760193378143 0.171398433175771
"NA19098.1.A05" 0.660920622744435 0.19526103509453 0.143818342161035
"NA19098.1.A06" 0.559485195546888 0.210227095373093 0.23028770908002
"NA19098.1.A07" 0.597274392749598 0.250925568610406 0.151800038639995
"NA19098.1.A08" 0.594618356231573 0.167123502637156 0.238258141131271
"NA19098.1.A09" 0.533235561832308 0.31225633793576 0.154508100231931
"NA19098.1.A10" 0.524103254282159 0.163143460517533 0.312753285200308
"NA19098.1.A11" 0.596608895865366 0.208210086595218 0.195181017539416
"NA19098.1.A12" 0.633926862182353 0.257518681618938 0.108554456198708
"NA19098.1.B01" 0.729311334524552 0.122946963356195 0.147741702119252
"NA19098.1.B02" 0.665442907699119 0.230410976239194 0.104146116061687
"NA19098.1.B03" 0.417644464362741 0.269930208174405 0.312425327462854
"NA19098.1.B05" 0.624360449807693 0.222290439248078 0.153349110944229
"NA19098.1.B06" 0.60969544387626 0.224710957323536 0.165593598800204
"NA19098.1.B07" 0.699210408021003 0.171242892764467 0.129546699214531
"NA19098.1.B08" 0.406889830222977 0.219692255178606 0.373417914598417
"NA19098.1.B09" 0.509471276519309 0.245111658025389 0.245417065455302
"NA19098.1.B10" 0.487665041783336 0.35998191538352 0.152353042833144
"NA19098.1.B11" 0.552176719261999 0.245899507970571 0.20192377276743
"NA19098.1.B12" 0.680538147092717 0.150136569757388 0.169325283149895
"NA19098.1.C01" 0.609171816630365 0.179959866855591 0.210868316514044
"NA19098.1.C02" 0.629725996522864 0.180290742557547 0.189983260919589
"NA19098.1.C03" 0.644128312097707 0.246027204067067 0.109844483835226
"NA19098.1.C04" 0.590135949036548 0.227818731378904 0.182045319584548
"NA19098.1.C05" 0.519025431501043 0.262416751628476 0.218557816870481
"NA19098.1.C06" 0.621670797426696 0.228647425559902 0.149681777013403
"NA19098.1.C07" 0.516910067392004 0.189745507812114 0.293344424795882
"NA19098.1.C08" 0.578946156156305 0.307451172346851 0.113602671496844
"NA19098.1.C09" 0.575446822841401 0.244304670699079 0.18024850645952
"NA19098.1.C10" 0.699844185578823 0.17877503842035 0.121380776000827
"NA19098.1.C11" 0.533028266730732 0.151647529803647 0.315324203465621
"NA19098.1.C12" 0.521783101202849 0.25229047313073 0.225926425666421
"NA19098.1.D01" 0.630781699046132 0.204908629133397 0.164309671820472
"NA19098.1.D02" 0.554291127539278 0.213167641314189 0.232541231146532
"NA19098.1.D03" 0.693349506101974 0.172586892890377 0.13406360100765
"NA19098.1.D04" 0.563870600068538 0.156113107727021 0.280016292204441
"NA19098.1.D05" 0.545927504322415 0.300839278830667 0.153233216846918
"NA19098.1.D06" 0.627150646641934 0.103774738853001 0.269074614505065
"NA19098.1.D07" 0.367883310283783 0.466169084232732 0.165947605483485
"NA19098.1.D08" 0.421190560057494 0.265958550332215 0.312850889610291
"NA19098.1.D09" 0.506356343517628 0.349958857840845 0.143684798641527
"NA19098.1.D10" 0.606576437208269 0.203897828329559 0.189525734462172
"NA19098.1.D11" 0.605753659695104 0.276234228499841 0.118012111805055
"NA19098.1.D12" 0.71611991315116 0.17337118676592 0.110508900082919
"NA19098.1.E01" 0.590926802097175 0.241057041654001 0.168016156248824
"NA19098.1.E02" 0.6218762099937 0.166462346851723 0.211661443154576
"NA19098.1.E03" 0.673636676237284 0.202197521951591 0.124165801811124
"NA19098.1.E05" 0.659672765584793 0.232242341279259 0.108084893135947
"NA19098.1.E06" 0.649521497026057 0.224144590725724 0.126333912248219
"NA19098.1.E07" 0.540883976414281 0.327866812864605 0.131249210721114
"NA19098.1.E08" 0.582965068957035 0.17352797378437 0.243506957258595
"NA19098.1.E09" 0.525877397804815 0.191768790061864 0.282353812133321
"NA19098.1.E10" 0.611955712370894 0.220512188699216 0.16753209892989
"NA19098.1.E11" 0.515932860729266 0.155946431082741 0.328120708187993
"NA19098.1.E12" 0.620174119332929 0.129972713771359 0.249853166895712
"NA19098.1.F01" 0.538089601375932 0.265972335806115 0.195938062817953
"NA19098.1.F02" 0.709800517246514 0.0986744904089782 0.191524992344508
"NA19098.1.F03" 0.686192374072988 0.21520164576391 0.0986059801631019
"NA19098.1.F04" 0.517420946093703 0.259833047492907 0.22274600641339
"NA19098.1.F06" 0.494232845936642 0.364208795783452 0.141558358279906
"NA19098.1.F07" 0.504803625289722 0.345752206779915 0.149444167930363
"NA19098.1.F08" 0.647709477347866 0.193579200029165 0.158711322622969
"NA19098.1.F09" 0.497498629389996 0.256717365288136 0.245784005321868
"NA19098.1.F10" 0.70281338964603 0.10873600753283 0.188450602821139
"NA19098.1.F11" 0.6272742962902 0.24204683113419 0.13067887257561
"NA19098.1.F12" 0.549419065038968 0.26057608970985 0.190004845251183
"NA19098.1.G01" 0.529070668654532 0.250966692190218 0.21996263915525
"NA19098.1.G02" 0.651265699293787 0.18740512224241 0.161329178463803
"NA19098.1.G03" 0.522950863927666 0.28057579967164 0.196473336400694
"NA19098.1.G04" 0.577438308706722 0.185719475072013 0.236842216221265
"NA19098.1.G05" 0.60222385913573 0.218776077049668 0.179000063814602
"NA19098.1.G06" 0.491395489125379 0.190293180610138 0.318311330264484
"NA19098.1.G07" 0.479840486159706 0.271056384899778 0.249103128940516
"NA19098.1.G08" 0.598809675542852 0.223945448885688 0.17724487557146
"NA19098.1.G09" 0.591835569806821 0.261566593576564 0.146597836616615
"NA19098.1.G10" 0.516894778261299 0.157703445664253 0.325401776074448
"NA19098.1.G11" 0.550684827040308 0.148319358019466 0.300995814940225
"NA19098.1.G12" 0.588203913136028 0.273400180477329 0.138395906386643
"NA19098.1.H01" 0.640306879712277 0.177549737244648 0.182143383043074
"NA19098.1.H02" 0.606584705330784 0.275908732271731 0.117506562397485
"NA19098.1.H03" 0.59965496307857 0.271893649405231 0.128451387516199
"NA19098.1.H04" 0.629477335711559 0.250217350471961 0.120305313816481
"NA19098.1.H05" 0.674890001897695 0.186952606026437 0.138157392075868
"NA19098.1.H06" 0.476285822053266 0.362421148486161 0.161293029460572
"NA19098.1.H07" 0.574629769614129 0.305578524760894 0.119791705624977
"NA19098.1.H08" 0.510190387890382 0.353387556758999 0.136422055350618
"NA19098.1.H09" 0.4249198530669 0.334534519534242 0.240545627398859
"NA19098.1.H10" 0.645581773464426 0.202788608616933 0.15162961791864
"NA19098.1.H11" 0.668258003804984 0.194593574326331 0.137148421868685
"NA19098.1.H12" 0.593326381963277 0.231245030429313 0.17542858760741
"NA19098.2.A01" 0.308977339434252 0.460044737736464 0.230977922829284
"NA19098.2.A02" 0.658510028812078 0.195774137641072 0.145715833546849
"NA19098.2.A03" 0.673743892878111 0.211860760663423 0.114395346458466
"NA19098.2.A04" 0.685135976144845 0.166290611940879 0.148573411914276
"NA19098.2.A05" 0.550603905635556 0.176609559914808 0.272786534449636
"NA19098.2.A06" 0.492449117380252 0.341118709023249 0.166432173596499
"NA19098.2.A07" 0.592326132030724 0.133384253312122 0.274289614657154
"NA19098.2.A08" 0.647303254881751 0.157630582746266 0.195066162371982
"NA19098.2.A09" 0.429100583362116 0.430785700010119 0.140113716627764
"NA19098.2.A10" 0.596643625068558 0.241626059384783 0.161730315546659
"NA19098.2.A11" 0.657728744141334 0.179110336595955 0.163160919262711
"NA19098.2.B01" 0.509970883758114 0.306798712934554 0.183230403307332
"NA19098.2.B02" 0.569334619026335 0.198221552940912 0.232443828032753
"NA19098.2.B03" 0.555067022017123 0.188127526043191 0.256805451939687
"NA19098.2.B04" 0.626787784805124 0.228932673318377 0.144279541876499
"NA19098.2.B05" 0.527203987456974 0.202354527206971 0.270441485336056
"NA19098.2.B06" 0.528072252312789 0.183591452751937 0.288336294935274
"NA19098.2.B07" 0.67199547879865 0.185551022573297 0.142453498628052
"NA19098.2.B08" 0.548137645636224 0.191675010025397 0.26018734433838
"NA19098.2.B09" 0.466476828592125 0.190848047115607 0.342675124292269
"NA19098.2.B10" 0.632706258964958 0.182561045942784 0.184732695092258
"NA19098.2.B11" 0.419067208123776 0.412665701627254 0.16826709024897
"NA19098.2.C01" 0.633494393269405 0.170347435133966 0.196158171596629
"NA19098.2.C02" 0.471185873606392 0.215714919852823 0.313099206540785
"NA19098.2.C03" 0.49105394170032 0.227061563622749 0.281884494676931
"NA19098.2.C04" 0.463090530974296 0.368708108335804 0.1682013606899
"NA19098.2.C05" 0.616801868495019 0.198868200345357 0.184329931159624
"NA19098.2.C06" 0.514040132763402 0.275113360046584 0.210846507190014
"NA19098.2.C07" 0.574584812252877 0.205133155843789 0.220282031903334
"NA19098.2.C08" 0.623797353179743 0.190358027511372 0.185844619308885
"NA19098.2.C09" 0.377782211676534 0.438885840049267 0.183331948274199
"NA19098.2.C10" 0.610248415074537 0.22072595969708 0.169025625228383
"NA19098.2.C11" 0.61412243951792 0.250514364829851 0.135363195652229
"NA19098.2.C12" 0.649082027447484 0.200186157491085 0.150731815061432
"NA19098.2.D01" 0.594542020402054 0.2781274193323 0.127330560265646
"NA19098.2.D02" 0.555982195510134 0.316324642398664 0.127693162091202
"NA19098.2.D03" 0.558971321392542 0.292407637120295 0.148621041487163
"NA19098.2.D04" 0.597724252269414 0.240863099152697 0.161412648577889
"NA19098.2.D05" 0.55581083118704 0.114929907680356 0.329259261132605
"NA19098.2.D06" 0.486299321412472 0.209644977291866 0.304055701295662
"NA19098.2.D08" 0.691289371521972 0.111483103599163 0.197227524878865
"NA19098.2.D09" 0.440973342080093 0.398366280318702 0.160660377601205
"NA19098.2.D10" 0.657130131501501 0.229938633408096 0.112931235090403
"NA19098.2.D11" 0.441736518055244 0.217000430136076 0.341263051808681
"NA19098.2.D12" 0.543301171541215 0.20564861749202 0.251050210966765
"NA19098.2.E01" 0.735594783409744 0.172237840354439 0.0921673762358166
"NA19098.2.E02" 0.680575707028723 0.150061789885987 0.16936250308529
"NA19098.2.E03" 0.687901079148905 0.153624396867029 0.158474523984066
"NA19098.2.E04" 0.467160686341785 0.345349532308252 0.187489781349963
"NA19098.2.E05" 0.652768321343945 0.210709563318647 0.136522115337408
"NA19098.2.E06" 0.683825602087238 0.207734622637062 0.1084397752757
"NA19098.2.E07" 0.610065899147314 0.189530093913655 0.200404006939031
"NA19098.2.E08" 0.67625975015699 0.18476568054981 0.1389745692932
"NA19098.2.E09" 0.699236510716279 0.124991578597485 0.175771910686235
"NA19098.2.E11" 0.567936747296393 0.121280706398397 0.31078254630521
"NA19098.2.E12" 0.604476388065825 0.243698091605561 0.151825520328614
"NA19098.2.F01" 0.403772952129455 0.40093561523969 0.195291432630855
"NA19098.2.F02" 0.655080910053126 0.156482826189228 0.188436263757647
"NA19098.2.F03" 0.628511096231778 0.168358908244073 0.203129995524149
"NA19098.2.F04" 0.597039716878002 0.265534909638333 0.137425373483665
"NA19098.2.F05" 0.485456841641818 0.169922365061309 0.344620793296873
"NA19098.2.F07" 0.582796787997061 0.208230998694156 0.208972213308783
"NA19098.2.F08" 0.659945150242458 0.185558355907518 0.154496493850024
"NA19098.2.F09" 0.731187777284845 0.134971691717948 0.133840530997207
"NA19098.2.F10" 0.666594186491593 0.183814899415599 0.149590914092808
"NA19098.2.F11" 0.419474857152069 0.344339517598416 0.236185625249515
"NA19098.2.F12" 0.63404329389618 0.205358431982367 0.160598274121453
"NA19098.2.G01" 0.479066608195126 0.350764666315086 0.170168725489788
"NA19098.2.G02" 0.693427255191478 0.162454320585884 0.144118424222638
"NA19098.2.G03" 0.692816144550927 0.180930773122712 0.126253082326361
"NA19098.2.G04" 0.680016131321435 0.106299980113399 0.213683888565166
"NA19098.2.G05" 0.577463082176316 0.224558147589485 0.197978770234199
"NA19098.2.G06" 0.678210738345379 0.207125715443018 0.114663546211603
"NA19098.2.G07" 0.492519949390287 0.244045890504458 0.263434160105255
"NA19098.2.G08" 0.648972351695433 0.214125499931862 0.136902148372705
"NA19098.2.G09" 0.68936923000537 0.1984458825797 0.112184887414929
"NA19098.2.G10" 0.525639636016207 0.272052215151501 0.202308148832292
"NA19098.2.G11" 0.535327821937208 0.283396615358246 0.181275562704546
"NA19098.2.G12" 0.64116967918948 0.240777362750282 0.118052958060238
"NA19098.2.H01" 0.423971306684138 0.36735133438096 0.208677358934902
"NA19098.2.H02" 0.602768629251895 0.220277417674864 0.176953953073241
"NA19098.2.H03" 0.598794899767829 0.223036069759246 0.178169030472924
"NA19098.2.H04" 0.682636954932795 0.163987720796965 0.15337532427024
"NA19098.2.H05" 0.678220327789786 0.183772623417842 0.138007048792372
"NA19098.2.H06" 0.637663298137376 0.219319564427523 0.143017137435101
"NA19098.2.H07" 0.471620518109363 0.351542923387589 0.176836558503048
"NA19098.2.H08" 0.46038049196486 0.35412779468895 0.18549171334619
"NA19098.2.H10" 0.573301694678346 0.15246594966346 0.274232355658193
"NA19098.2.H11" 0.603586235477937 0.261371607029633 0.13504215749243
"NA19098.2.H12" 0.48672766777641 0.314894265641612 0.198378066581979
"NA19098.3.A03" 0.642915928017776 0.204959895914122 0.152124176068102
"NA19098.3.A05" 0.433179984768102 0.344240908835342 0.222579106396557
"NA19098.3.A06" 0.608932290584289 0.253479914862942 0.137587794552769
"NA19098.3.A07" 0.486193958942299 0.342631421978331 0.171174619079371
"NA19098.3.A08" 0.557421216700823 0.177466204585542 0.265112578713634
"NA19098.3.A12" 0.644516191787052 0.178269846405578 0.177213961807369
"NA19098.3.B01" 0.612943210332413 0.250229804194707 0.13682698547288
"NA19098.3.B02" 0.53691001352558 0.299067512053331 0.164022474421088
"NA19098.3.B03" 0.590821519940877 0.252727297554704 0.156451182504419
"NA19098.3.B04" 0.606809965637011 0.13321489889435 0.259975135468639
"NA19098.3.B05" 0.607197254105842 0.12312210427729 0.269680641616868
"NA19098.3.B06" 0.497704687300472 0.335714780497298 0.16658053220223
"NA19098.3.B07" 0.600883869155192 0.22559811069046 0.173518020154348
"NA19098.3.B08" 0.584531767016728 0.259547133241585 0.155921099741686
"NA19098.3.B09" 0.686844469262331 0.167051098020372 0.146104432717296
"NA19098.3.B11" 0.63379036029374 0.151779492512016 0.214430147194243
"NA19098.3.B12" 0.559738485178374 0.213828426446948 0.226433088374679
"NA19098.3.C01" 0.599878289406032 0.161485119241446 0.238636591352522
"NA19098.3.C02" 0.498892132877107 0.317916079175118 0.183191787947775
"NA19098.3.C03" 0.606920822111139 0.238245045606799 0.154834132282063
"NA19098.3.C04" 0.680107649917993 0.173703158191453 0.146189191890554
"NA19098.3.C05" 0.68019358797255 0.148977521061379 0.17082889096607
"NA19098.3.C07" 0.482093582252343 0.34453032634112 0.173376091406537
"NA19098.3.C08" 0.485980407897089 0.362815685055153 0.151203907047758
"NA19098.3.C09" 0.542612817434174 0.151527887276451 0.305859295289375
"NA19098.3.C10" 0.685520749645925 0.175174068549036 0.139305181805039
"NA19098.3.C11" 0.652813673172079 0.1972426957282 0.149943631099721
"NA19098.3.C12" 0.616102106358927 0.177307347171868 0.206590546469205
"NA19098.3.D01" 0.585795859917442 0.254356893984093 0.159847246098465
"NA19098.3.D02" 0.522583229498079 0.319166978797094 0.158249791704827
"NA19098.3.D03" 0.572101135891454 0.150346118634617 0.277552745473929
"NA19098.3.D05" 0.581404581404857 0.106506266212149 0.312089152382994
"NA19098.3.D07" 0.668829953640878 0.180728600274011 0.15044144608511
"NA19098.3.D09" 0.543875889065338 0.174604702417878 0.281519408516784
"NA19098.3.D10" 0.690754875705842 0.173335241734655 0.135909882559503
"NA19098.3.D11" 0.59810567129072 0.177161477589077 0.224732851120203
"NA19098.3.D12" 0.577852018867761 0.265463062981628 0.156684918150611
"NA19098.3.E01" 0.694610044916965 0.168159845150792 0.137230109932243
"NA19098.3.E02" 0.730793562790197 0.141266639534178 0.127939797675626
"NA19098.3.E03" 0.708191858942659 0.163032246992148 0.128775894065193
"NA19098.3.E04" 0.637116671283603 0.183224024604964 0.179659304111433
"NA19098.3.E05" 0.466961147211855 0.38110488301122 0.151933969776925
"NA19098.3.E06" 0.456827899683393 0.388678110193898 0.154493990122709
"NA19098.3.E07" 0.473439287158066 0.320149921974729 0.206410790867205
"NA19098.3.E08" 0.457804588337144 0.327590010751769 0.214605400911086
"NA19098.3.E09" 0.566949868377166 0.287653433375839 0.145396698246995
"NA19098.3.E10" 0.496162767436213 0.188810311199188 0.3150269213646
"NA19098.3.E11" 0.701434884619202 0.145363517060692 0.153201598320106
"NA19098.3.E12" 0.694301101654899 0.183101019637731 0.122597878707369
"NA19098.3.F01" 0.562902052081059 0.279195602194152 0.157902345724789
"NA19098.3.F03" 0.685576831085321 0.152232951972831 0.162190216941847
"NA19098.3.F04" 0.668146785697445 0.210155916232934 0.121697298069621
"NA19098.3.F05" 0.663676980116248 0.18510529535941 0.151217724524342
"NA19098.3.F06" 0.733258730267551 0.151867357443997 0.114873912288452
"NA19098.3.F07" 0.56237872591094 0.262668314119975 0.174952959969084
"NA19098.3.F09" 0.667217668251159 0.197061874895027 0.135720456853813
"NA19098.3.F10" 0.536922996593886 0.138227399941614 0.3248496034645
"NA19098.3.F11" 0.463871463225718 0.36898686485968 0.167141671914603
"NA19098.3.G01" 0.691353973386641 0.135156096019402 0.173489930593957
"NA19098.3.G02" 0.446359974365787 0.339871134869914 0.2137688907643
"NA19098.3.G03" 0.437330056020667 0.381025388239811 0.181644555739522
"NA19098.3.G04" 0.538177667197532 0.30190417321392 0.159918159588548
"NA19098.3.G05" 0.630680673472771 0.0860422385919713 0.283277087935258
"NA19098.3.G06" 0.648281510624044 0.181500499862777 0.170217989513179
"NA19098.3.G07" 0.513489417573316 0.298243601231302 0.188266981195382
"NA19098.3.G08" 0.481254535268957 0.312273572370788 0.206471892360255
"NA19098.3.G09" 0.4895740487368 0.287616412369398 0.222809538893802
"NA19098.3.G10" 0.675196846166786 0.141024490296053 0.183778663537162
"NA19098.3.G11" 0.521994214291445 0.359055492291894 0.118950293416661
"NA19098.3.G12" 0.47082884702585 0.413830402109877 0.115340750864273
"NA19098.3.H01" 0.507062865436219 0.318471345286031 0.17446578927775
"NA19098.3.H02" 0.650618730537117 0.153731400634642 0.195649868828241
"NA19098.3.H03" 0.546502961996084 0.151531203086637 0.301965834917279
"NA19098.3.H04" 0.563212529683215 0.137127733890797 0.299659736425988
"NA19098.3.H05" 0.672537150890175 0.170640258044647 0.156822591065178
"NA19098.3.H06" 0.757744507006412 0.124609862348986 0.117645630644602
"NA19098.3.H07" 0.463646479917242 0.403888942590332 0.132464577492426
"NA19098.3.H08" 0.597515043952936 0.267213932258541 0.135271023788523
"NA19098.3.H09" 0.614201554099393 0.277562214873389 0.108236231027218
"NA19098.3.H10" 0.614236160020283 0.158362164373075 0.227401675606641
"NA19098.3.H11" 0.596061906362495 0.24671496369881 0.157223129938694
"NA19098.3.H12" 0.647620721106022 0.188087592251206 0.164291686642771
"NA19239.1.A01" 0.588081678479869 0.209441407027235 0.202476914492896
"NA19239.1.A02" 0.473958256333312 0.281238271239653 0.244803472427035
"NA19239.1.A03" 0.553692640596363 0.28583809953442 0.160469259869217
"NA19239.1.A04" 0.584214451583715 0.239842499505914 0.175943048910371
"NA19239.1.A05" 0.625029916794732 0.205104691010815 0.169865392194453
"NA19239.1.A06" 0.527030602069131 0.23064689876766 0.242322499163209
"NA19239.1.A07" 0.475938592352011 0.354365229287249 0.16969617836074
"NA19239.1.A08" 0.593438029254713 0.272140081512444 0.134421889232843
"NA19239.1.A09" 0.468935204505245 0.262761294516236 0.268303500978519
"NA19239.1.A10" 0.601990669991838 0.256537953968025 0.141471376040137
"NA19239.1.A11" 0.49431482484647 0.230523220994523 0.275161954159007
"NA19239.1.A12" 0.551740158072331 0.29575998317723 0.15249985875044
"NA19239.1.B02" 0.442029848947105 0.271125917053166 0.28684423399973
"NA19239.1.B03" 0.653756050423448 0.219882537481108 0.126361412095444
"NA19239.1.B05" 0.53492570119692 0.332976127135985 0.132098171667095
"NA19239.1.B06" 0.515261803371551 0.358916076851124 0.125822119777325
"NA19239.1.B07" 0.605518887802093 0.330104036975129 0.0643770752227786
"NA19239.1.B08" 0.654617741276346 0.190130009427275 0.155252249296378
"NA19239.1.B09" 0.618034481309768 0.232767452292114 0.149198066398118
"NA19239.1.B10" 0.480113850159644 0.37895373925307 0.140932410587286
"NA19239.1.B11" 0.593899287774281 0.13108798156068 0.275012730665039
"NA19239.1.B12" 0.647714937706211 0.214414833965574 0.137870228328216
"NA19239.1.C01" 0.512031154153657 0.260152920683076 0.227815925163267
"NA19239.1.C02" 0.629291300716495 0.231842490627403 0.138866208656101
"NA19239.1.C03" 0.672148297005747 0.193823055604272 0.134028647389981
"NA19239.1.C05" 0.535646334106224 0.204374931998602 0.259978733895175
"NA19239.1.C06" 0.526344862273579 0.178296667143784 0.295358470582637
"NA19239.1.C07" 0.477544468974586 0.392766794053368 0.129688736972047
"NA19239.1.C08" 0.560464055448657 0.167220182267059 0.272315762284283
"NA19239.1.C09" 0.686369050070084 0.168926083665564 0.144704866264352
"NA19239.1.C10" 0.596340641758921 0.175800144384115 0.227859213856964
"NA19239.1.C11" 0.573239012638731 0.304833363013536 0.121927624347732
"NA19239.1.C12" 0.543085038476607 0.14993189229733 0.306983069226063
"NA19239.1.D01" 0.632439705604355 0.163102992293693 0.204457302101952
"NA19239.1.D02" 0.631562589392304 0.235728570908125 0.132708839699571
"NA19239.1.D03" 0.485571804913924 0.285754001028429 0.228674194057647
"NA19239.1.D04" 0.555499068524479 0.229147312141593 0.215353619333929
"NA19239.1.D05" 0.684688358746721 0.174394665207759 0.14091697604552
"NA19239.1.D06" 0.572585604409175 0.221359847503471 0.206054548087355
"NA19239.1.D07" 0.424274579886885 0.406734405953476 0.168991014159639
"NA19239.1.D08" 0.664982864776369 0.151640253706788 0.183376881516843
"NA19239.1.D09" 0.624189449479386 0.241028521832196 0.134782028688418
"NA19239.1.D10" 0.586091964084021 0.239500894765711 0.174407141150267
"NA19239.1.D11" 0.645751726063518 0.246287860948526 0.107960412987956
"NA19239.1.D12" 0.503621314909325 0.266480727273097 0.229897957817578
"NA19239.1.E01" 0.680013942075683 0.202663517838923 0.117322540085394
"NA19239.1.E02" 0.60441256705679 0.142798002810674 0.252789430132536
"NA19239.1.E03" 0.627978542406115 0.186084396032573 0.185937061561312
"NA19239.1.E04" 0.698969675867537 0.149471116548473 0.15155920758399
"NA19239.1.E05" 0.449813700314696 0.354133240749534 0.19605305893577
"NA19239.1.E06" 0.600597721991344 0.159001559032722 0.240400718975934
"NA19239.1.E07" 0.511190466180213 0.215124643321555 0.273684890498232
"NA19239.1.E08" 0.559212787211885 0.15845075070357 0.282336462084544
"NA19239.1.E09" 0.640252493190501 0.170744332762835 0.189003174046664
"NA19239.1.E10" 0.597985087445794 0.194426755971209 0.207588156582997
"NA19239.1.E11" 0.519741411081562 0.19355992244585 0.286698666472588
"NA19239.1.E12" 0.668004615328245 0.217786896651406 0.114208488020349
"NA19239.1.F01" 0.666612042454722 0.172791929596738 0.16059602794854
"NA19239.1.F02" 0.569758266220732 0.298617415632101 0.131624318147167
"NA19239.1.F03" 0.647237397627984 0.23786340264251 0.114899199729506
"NA19239.1.F04" 0.659917742580128 0.170999668722086 0.169082588697786
"NA19239.1.F05" 0.413938794762266 0.390754346759535 0.195306858478199
"NA19239.1.F06" 0.66287136671684 0.204113618529076 0.133015014754084
"NA19239.1.F07" 0.626955238926744 0.239178032669298 0.133866728403958
"NA19239.1.F08" 0.561226774750561 0.172083424599895 0.266689800649544
"NA19239.1.F09" 0.617371168438301 0.199376809222786 0.183252022338912
"NA19239.1.F10" 0.652497680138598 0.159789071725616 0.187713248135787
"NA19239.1.F11" 0.538587292047452 0.267598402580231 0.193814305372317
"NA19239.1.F12" 0.524165086050465 0.272211005651515 0.203623908298021
"NA19239.1.G01" 0.638857555330874 0.236002815131697 0.125139629537429
"NA19239.1.G02" 0.564850000721213 0.295081562892985 0.140068436385802
"NA19239.1.G03" 0.527282176027553 0.235262131609456 0.237455692362991
"NA19239.1.G04" 0.597045140835642 0.219881971119191 0.183072888045167
"NA19239.1.G05" 0.56408640566899 0.27577758132759 0.16013601300342
"NA19239.1.G06" 0.558334672231926 0.270168259947565 0.17149706782051
"NA19239.1.G07" 0.544645667948456 0.275628913876124 0.17972541817542
"NA19239.1.G08" 0.528592002915753 0.31560808011075 0.155799916973498
"NA19239.1.G09" 0.594908476811238 0.292797624221328 0.112293898967434
"NA19239.1.G10" 0.630606148121083 0.204030459661318 0.1653633922176
"NA19239.1.G11" 0.549163177399075 0.213296900646786 0.237539921954139
"NA19239.1.G12" 0.618696782048385 0.221310337999621 0.159992879951994
"NA19239.1.H01" 0.506694282805457 0.25148638094081 0.241819336253732
"NA19239.1.H03" 0.621528749627552 0.212400883761025 0.166070366611423
"NA19239.1.H04" 0.546880769220812 0.356178302954703 0.0969409278244845
"NA19239.1.H05" 0.634545863691966 0.170635769166837 0.194818367141197
"NA19239.1.H06" 0.587470543794828 0.162468621289392 0.250060834915781
"NA19239.1.H07" 0.602476716795183 0.182376593114512 0.215146690090305
"NA19239.1.H08" 0.65095753761414 0.237262310845278 0.111780151540583
"NA19239.1.H09" 0.509274952758746 0.236064922729827 0.254660124511427
"NA19239.1.H10" 0.617837514862554 0.195178002384973 0.186984482752473
"NA19239.1.H11" 0.711687114611019 0.131497005263052 0.156815880125929
"NA19239.1.H12" 0.594280514879806 0.15590097949358 0.249818505626613
"NA19239.2.A01" 0.622446233470377 0.238309730255042 0.139244036274581
"NA19239.2.A02" 0.632968412148055 0.119111902880227 0.247919684971718
"NA19239.2.A04" 0.490007183914602 0.163026876176106 0.346965939909292
"NA19239.2.A05" 0.698305562255786 0.17409731297083 0.127597124773384
"NA19239.2.A06" 0.437476704486472 0.215223042932037 0.347300252581491
"NA19239.2.A07" 0.663703322968826 0.1894008005567 0.146895876474474
"NA19239.2.A08" 0.607447086435143 0.171087895173738 0.221465018391119
"NA19239.2.A09" 0.610785484714042 0.209734033361031 0.179480481924927
"NA19239.2.A10" 0.448023775555364 0.363796892347869 0.188179332096767
"NA19239.2.A11" 0.684272636984332 0.169666068700223 0.146061294315445
"NA19239.2.A12" 0.575101845435985 0.198410833620891 0.226487320943124
"NA19239.2.B01" 0.383818764305137 0.38306435733653 0.233116878358332
"NA19239.2.B02" 0.639282002465565 0.236277059161874 0.124440938372561
"NA19239.2.B03" 0.388870635712454 0.350802686234606 0.260326678052939
"NA19239.2.B04" 0.659849125566991 0.12313253191431 0.217018342518699
"NA19239.2.B05" 0.592261889474663 0.197129174824269 0.210608935701068
"NA19239.2.B06" 0.597690084596771 0.204004932808325 0.198304982594904
"NA19239.2.B07" 0.599980535993297 0.179797276274602 0.220222187732101
"NA19239.2.B08" 0.598048978744462 0.263548093573571 0.138402927681967
"NA19239.2.B09" 0.627789582470082 0.16160264552436 0.210607772005558
"NA19239.2.B11" 0.354803475450937 0.354997445177689 0.290199079371374
"NA19239.2.B12" 0.66016494321588 0.162397799721568 0.177437257062552
"NA19239.2.C02" 0.590322694938005 0.277596125066283 0.132081179995712
"NA19239.2.C03" 0.48280859260504 0.393572501949704 0.123618905445256
"NA19239.2.C04" 0.629182344100272 0.199555743003657 0.171261912896071
"NA19239.2.C05" 0.587976816820343 0.192264137192785 0.219759045986872
"NA19239.2.C06" 0.485328165739724 0.349002260508548 0.165669573751727
"NA19239.2.C07" 0.634745694621904 0.128842329114397 0.236411976263699
"NA19239.2.C08" 0.361539400622225 0.472759753997945 0.16570084537983
"NA19239.2.C09" 0.537807746300996 0.175410419167394 0.28678183453161
"NA19239.2.C11" 0.622843722354794 0.166478901694157 0.21067737595105
"NA19239.2.C12" 0.538748398779434 0.194943170764691 0.266308430455874
"NA19239.2.D01" 0.517544457418639 0.285849931421141 0.196605611160221
"NA19239.2.D02" 0.619585280769185 0.195520806950416 0.184893912280398
"NA19239.2.D03" 0.619134016502805 0.239787949287093 0.141078034210102
"NA19239.2.D04" 0.709909406819635 0.11133139540586 0.178759197774504
"NA19239.2.D05" 0.62343808371166 0.250062050658194 0.126499865630145
"NA19239.2.D06" 0.576101643276944 0.262041324879011 0.161857031844045
"NA19239.2.D07" 0.446261192752979 0.418362454693154 0.135376352553866
"NA19239.2.D08" 0.563094662228675 0.244598190107239 0.192307147664086
"NA19239.2.D09" 0.365725188342293 0.423191510051421 0.211083301606285
"NA19239.2.D11" 0.721478361801422 0.173747621639592 0.104774016558986
"NA19239.2.D12" 0.339441023141863 0.461752764699737 0.1988062121584
"NA19239.2.E01" 0.610262058119993 0.215314072858788 0.17442386902122
"NA19239.2.E02" 0.622708964599352 0.206270229649525 0.171020805751122
"NA19239.2.E04" 0.709417206273467 0.102759823328129 0.187822970398404
"NA19239.2.E05" 0.675057498139411 0.155405173907255 0.169537327953334
"NA19239.2.E06" 0.702882675093267 0.143078889766987 0.154038435139746
"NA19239.2.E07" 0.717495763528892 0.160801774833829 0.121702461637279
"NA19239.2.E08" 0.666211149298809 0.195145573599006 0.138643277102186
"NA19239.2.E09" 0.399783289919138 0.393645450884011 0.206571259196851
"NA19239.2.E11" 0.659037617265651 0.212635602896901 0.128326779837447
"NA19239.2.E12" 0.467303505382168 0.227115596508435 0.305580898109397
"NA19239.2.F01" 0.609951342343237 0.193860517062647 0.196188140594116
"NA19239.2.F02" 0.556340174432839 0.285713655181954 0.157946170385207
"NA19239.2.F03" 0.642684625332051 0.216491092751199 0.140824281916749
"NA19239.2.F04" 0.437109883550061 0.3319301657106 0.230959950739339
"NA19239.2.F05" 0.648022813880517 0.225874262362415 0.126102923757068
"NA19239.2.F06" 0.478966549195443 0.389777389275442 0.131256061529115
"NA19239.2.F07" 0.427564054383773 0.409146937786218 0.16328900783001
"NA19239.2.F08" 0.672950475602788 0.11541103715945 0.211638487237762
"NA19239.2.F09" 0.599252875329895 0.25480241389467 0.145944710775436
"NA19239.2.F10" 0.720132837615025 0.159906615411933 0.119960546973042
"NA19239.2.F11" 0.648495984797449 0.202162134999202 0.149341880203348
"NA19239.2.F12" 0.551186766113294 0.263713454412213 0.185099779474493
"NA19239.2.G01" 0.626616559354524 0.239949454307007 0.133433986338469
"NA19239.2.G02" 0.615978963354275 0.188017588765723 0.196003447880002
"NA19239.2.G03" 0.384328867939488 0.420136707742154 0.195534424318358
"NA19239.2.G04" 0.561147398859229 0.190885321804384 0.247967279336387
"NA19239.2.G05" 0.654331535509138 0.199449194189125 0.146219270301737
"NA19239.2.G06" 0.59341421311904 0.238704058275125 0.167881728605835
"NA19239.2.G07" 0.663460820282723 0.161777949276023 0.174761230441254
"NA19239.2.G08" 0.518597912925942 0.322118289033219 0.159283798040839
"NA19239.2.G09" 0.553209238727593 0.151561338044059 0.295229423228348
"NA19239.2.G10" 0.687213829977579 0.141675989058381 0.17111018096404
"NA19239.2.G11" 0.681932498992716 0.166973364823692 0.151094136183593
"NA19239.2.G12" 0.718808337779404 0.164055358684361 0.117136303536235
"NA19239.2.H01" 0.603625210411779 0.200033316009824 0.196341473578397
"NA19239.2.H02" 0.439425103795108 0.388908796752507 0.171666099452385
"NA19239.2.H03" 0.429531324920426 0.399033115061853 0.171435560017721
"NA19239.2.H04" 0.699216453905898 0.121644126632148 0.179139419461954
"NA19239.2.H05" 0.575822074466597 0.276575942850539 0.147601982682864
"NA19239.2.H06" 0.577917291055949 0.210941523095883 0.211141185848169
"NA19239.2.H07" 0.577391093171541 0.304693913255805 0.117914993572654
"NA19239.2.H08" 0.553608974165448 0.165866607525522 0.28052441830903
"NA19239.2.H09" 0.620416270008033 0.167650402057558 0.211933327934409
"NA19239.2.H10" 0.637748536475052 0.162518437571092 0.199733025953856
"NA19239.2.H11" 0.524327963094718 0.172476670486376 0.303195366418906
"NA19239.2.H12" 0.713051031244271 0.128829011921456 0.158119956834273
"NA19239.3.A02" 0.5781515077895 0.25252239463659 0.169326097573911
"NA19239.3.A03" 0.624739547367315 0.248121986054716 0.127138466577969
"NA19239.3.A04" 0.399237954691759 0.261117387026386 0.339644658281855
"NA19239.3.A05" 0.681319573191058 0.178350448561679 0.140329978247263
"NA19239.3.A06" 0.516325530779226 0.290680564559014 0.19299390466176
"NA19239.3.A07" 0.673189998391067 0.208591265325039 0.118218736283895
"NA19239.3.A08" 0.414593999048038 0.389789599483208 0.195616401468754
"NA19239.3.A09" 0.60677761597511 0.22511539607138 0.16810698795351
"NA19239.3.A10" 0.654912790960081 0.219534189566557 0.125553019473362
"NA19239.3.A11" 0.5906197554615 0.253288020429203 0.156092224109297
"NA19239.3.A12" 0.654757628871689 0.224038166944913 0.121204204183398
"NA19239.3.B01" 0.536970416184289 0.31614412816041 0.146885455655301
"NA19239.3.B02" 0.566021180669451 0.289526882841041 0.144451936489507
"NA19239.3.B03" 0.60770470134363 0.157882660383698 0.234412638272672
"NA19239.3.B04" 0.634696470820342 0.247677356644657 0.117626172535002
"NA19239.3.B05" 0.671865074490697 0.185857579359125 0.142277346150177
"NA19239.3.B06" 0.566766660769077 0.291592672896214 0.141640666334709
"NA19239.3.B07" 0.524394944808221 0.211257315950884 0.264347739240895
"NA19239.3.B10" 0.555283036122566 0.324468841069218 0.120248122808216
"NA19239.3.B11" 0.492021095499752 0.221579296508719 0.286399607991529
"NA19239.3.B12" 0.651055308937609 0.214852050678318 0.134092640384073
"NA19239.3.C01" 0.722032005155345 0.117736703867063 0.160231290977592
"NA19239.3.C02" 0.605909805480418 0.290258363416633 0.103831831102949
"NA19239.3.C03" 0.581604846119031 0.236751404912569 0.181643748968399
"NA19239.3.C06" 0.578283804661346 0.294979711328113 0.126736484010541
"NA19239.3.C07" 0.380341190343874 0.45375404433604 0.165904765320086
"NA19239.3.C08" 0.632032402740865 0.226830292176187 0.141137305082947
"NA19239.3.C09" 0.630240516418179 0.196936519254129 0.172822964327692
"NA19239.3.C10" 0.570463919842607 0.232747459283623 0.19678862087377
"NA19239.3.C11" 0.554539985839798 0.254696607584153 0.190763406576049
"NA19239.3.C12" 0.579662979335164 0.262721358373126 0.15761566229171
"NA19239.3.D01" 0.648157880862342 0.209871512001449 0.141970607136209
"NA19239.3.D02" 0.597162892325732 0.149414797271246 0.253422310403022
"NA19239.3.D03" 0.433608818340713 0.209903532955819 0.356487648703468
"NA19239.3.D04" 0.583045560462727 0.179968683181795 0.236985756355478
"NA19239.3.D05" 0.651462786864851 0.238455863751754 0.110081349383395
"NA19239.3.D06" 0.477522762087505 0.229663731572013 0.292813506340482
"NA19239.3.D07" 0.576518474119528 0.227261434177612 0.19622009170286
"NA19239.3.D08" 0.640753660879963 0.194470154095904 0.164776185024132
"NA19239.3.D09" 0.610853388295534 0.23862059924268 0.150526012461786
"NA19239.3.D10" 0.615464090747071 0.275657490696672 0.108878418556257
"NA19239.3.D12" 0.468265619449015 0.162223443094392 0.369510937456593
"NA19239.3.E01" 0.453334043328161 0.311387384774118 0.23527857189772
"NA19239.3.E02" 0.620023531050523 0.199191002274813 0.180785466674664
"NA19239.3.E05" 0.523805700383019 0.157948310722388 0.318245988894594
"NA19239.3.E06" 0.57556443908658 0.237468127041707 0.186967433871714
"NA19239.3.E07" 0.633026682095999 0.194118998983811 0.172854318920189
"NA19239.3.E08" 0.658156448633949 0.242402829714118 0.0994407216519332
"NA19239.3.E09" 0.626043203250773 0.246214638251859 0.127742158497368
"NA19239.3.E10" 0.475268865607937 0.153049056957308 0.371682077434755
"NA19239.3.E11" 0.432940519244014 0.260168244396817 0.306891236359169
"NA19239.3.E12" 0.439284432595707 0.427241665764564 0.133473901639729
"NA19239.3.F01" 0.59543089007964 0.204145390382943 0.200423719537416
"NA19239.3.F02" 0.62231875709357 0.275556643226896 0.102124599679533
"NA19239.3.F03" 0.627747885546901 0.169557190381647 0.202694924071451
"NA19239.3.F04" 0.505866783728309 0.300342553032657 0.193790663239034
"NA19239.3.F05" 0.608515498592037 0.180970229880807 0.210514271527156
"NA19239.3.F06" 0.603641254034056 0.232718822964101 0.163639923001842
"NA19239.3.F07" 0.508628880440715 0.194353492020339 0.297017627538946
"NA19239.3.F08" 0.570763073026159 0.274935338613126 0.154301588360715
"NA19239.3.F09" 0.521449546616724 0.157518066815536 0.32103238656774
"NA19239.3.F10" 0.59740604896881 0.257314620491269 0.145279330539921
"NA19239.3.F11" 0.565881472338579 0.281441517276709 0.152677010384712
"NA19239.3.F12" 0.606695817541254 0.22065059752115 0.172653584937596
"NA19239.3.G01" 0.620320434987063 0.201611767250914 0.178067797762024
"NA19239.3.G02" 0.589291048278344 0.233504991265541 0.177203960456115
"NA19239.3.G03" 0.598736525647117 0.223968795217181 0.177294679135702
"NA19239.3.G05" 0.634158788406516 0.185136622390106 0.180704589203378
"NA19239.3.G06" 0.598048800958397 0.200773942443404 0.201177256598199
"NA19239.3.G07" 0.646339060078077 0.212736847922775 0.140924091999148
"NA19239.3.G08" 0.607920435519689 0.180730945797502 0.211348618682808
"NA19239.3.G09" 0.608981136323261 0.222898371425094 0.168120492251644
"NA19239.3.G11" 0.581490061161648 0.196572087075181 0.221937851763171
"NA19239.3.G12" 0.441871078965528 0.192357295369062 0.365771625665411
"NA19239.3.H01" 0.51994232094623 0.137941812477546 0.342115866576224
"NA19239.3.H03" 0.606336541374423 0.216453424754325 0.177210033871252
"NA19239.3.H04" 0.516524852289277 0.235972844412118 0.247502303298604
"NA19239.3.H05" 0.518664939893893 0.211975556976814 0.269359503129293
"NA19239.3.H06" 0.637018180708108 0.218719114965227 0.144262704326665
"NA19239.3.H07" 0.586411727219534 0.18070770783123 0.232880564949237
"NA19239.3.H08" 0.600502524244949 0.295665688131627 0.103831787623424
"NA19239.3.H09" 0.688049428870365 0.20079403133989 0.111156539789745
"NA19239.3.H11" 0.638902052047616 0.232246490635695 0.128851457316689
"NA19239.3.H12" 0.676229129133027 0.186599928498377 0.137170942368595
"NA19101.1.A01" 0.403567138482291 0.423264821037193 0.173168040480516
"NA19101.1.A02" 0.658793432087123 0.237608738966973 0.103597828945905
"NA19101.1.A03" 0.559876408505189 0.11935454872538 0.320769042769431
"NA19101.1.A04" 0.660528239377499 0.212929215724114 0.126542544898387
"NA19101.1.A05" 0.598603182818391 0.160587959141475 0.240808858040135
"NA19101.1.A06" 0.685418962619508 0.149102504931969 0.165478532448524
"NA19101.1.A07" 0.547950463650883 0.125734200372175 0.326315335976942
"NA19101.1.A08" 0.527749032513925 0.355494688328122 0.116756279157953
"NA19101.1.A09" 0.55333959435526 0.1772231134366 0.26943729220814
"NA19101.1.A10" 0.628447006322106 0.236876363869097 0.134676629808797
"NA19101.1.A11" 0.510422244408396 0.301418764147414 0.18815899144419
"NA19101.1.A12" 0.323162202216535 0.481763842671561 0.195073955111904
"NA19101.1.B01" 0.314578475745626 0.522690153254801 0.162731370999572
"NA19101.1.B02" 0.653315275899694 0.1762380865437 0.170446637556606
"NA19101.1.B03" 0.666469030558961 0.202140422381918 0.131390547059121
"NA19101.1.B04" 0.659611216465192 0.195446460498908 0.1449423230359
"NA19101.1.B05" 0.526434016481794 0.248828008270429 0.224737975247777
"NA19101.1.B06" 0.420696034586352 0.454808943901609 0.124495021512039
"NA19101.1.B07" 0.732100527881407 0.146834682286278 0.121064789832315
"NA19101.1.B08" 0.584287130161473 0.183836789329785 0.231876080508742
"NA19101.1.B09" 0.628416499756733 0.160060698796075 0.211522801447192
"NA19101.1.B10" 0.514095531491448 0.20675401002484 0.279150458483712
"NA19101.1.B11" 0.54594465473706 0.203238191711712 0.250817153551228
"NA19101.1.B12" 0.682833843874317 0.203682002059025 0.113484154066658
"NA19101.1.C01" 0.663617674913814 0.22199583588787 0.114386489198316
"NA19101.1.C02" 0.572320168878967 0.320857157614051 0.106822673506982
"NA19101.1.C03" 0.670476307224833 0.210681896641256 0.11884179613391
"NA19101.1.C04" 0.632892580473093 0.218029280307865 0.149078139219041
"NA19101.1.C05" 0.577541414657344 0.231911458887485 0.190547126455171
"NA19101.1.C06" 0.610943197282562 0.189430933173241 0.199625869544197
"NA19101.1.C07" 0.633286431845082 0.24099590701654 0.125717661138378
"NA19101.1.C08" 0.428699810347856 0.27466934446538 0.296630845186763
"NA19101.1.C09" 0.62491468492284 0.219896236623301 0.155189078453859
"NA19101.1.C10" 0.553915047033213 0.161178910750823 0.284906042215964
"NA19101.1.C11" 0.434011021042727 0.254912883281827 0.311076095675446
"NA19101.1.C12" 0.683940558285743 0.179212139882387 0.136847301831869
"NA19101.1.D01" 0.60099928123931 0.304048438192783 0.0949522805679073
"NA19101.1.D02" 0.646819915334847 0.202245165970604 0.150934918694548
"NA19101.1.D03" 0.682037402894595 0.176772269559074 0.141190327546331
"NA19101.1.D04" 0.678286217060486 0.140866467059277 0.180847315880237
"NA19101.1.D05" 0.720917929513564 0.155458742334125 0.123623328152311
"NA19101.1.D06" 0.48409767194374 0.38323178816194 0.13267053989432
"NA19101.1.D07" 0.538102989119385 0.192131768164921 0.269765242715694
"NA19101.1.D08" 0.492961188326907 0.217104629984593 0.2899341816885
