"1" "2" "3" "4" "5"
"NA19098.1.A01" 0.494698360078062 0.346351120856574 0.0979817970917186 0.060699000789718 0.000269721183927171
"NA19098.1.A02" 0.667613276038105 0.191308600405778 0.0902696303227778 0.0501284777111464 0.000680015522193122
"NA19098.1.A03" 0.532115859823399 0.290406653616733 0.12845162428784 0.0484510624482474 0.000574799823780419
"NA19098.1.A04" 0.481443357641952 0.295809126619165 0.133724020751075 0.0664075648137836 0.0226159301740254
"NA19098.1.A05" 0.583970328173674 0.224234861407013 0.117028243506342 0.0523464909323465 0.0224200759806243
"NA19098.1.A06" 0.639471084237591 0.124329922772434 0.13270158296158 0.0725140029899361 0.0309834070384582
"NA19098.1.A07" 0.626282778875906 0.208432782039738 0.108732660434541 0.0560785387869638 0.000473239862851232
"NA19098.1.A08" 0.628309721024122 0.0880803295869638 0.128340288954966 0.0815356318343769 0.0737340285995716
"NA19098.1.A09" 0.662847002404519 0.0954168707288265 0.158487635446753 0.0598445703232415 0.0234039210966603
"NA19098.1.A10" 0.630655858955696 0.0857772416752095 0.134816776179201 0.0819513033728307 0.0667988198170635
"NA19098.1.A11" 0.585608461671879 0.236214529804478 0.102716894383321 0.0752376630372293 0.000222451103092038
"NA19098.1.A12" 0.717177946770484 0.114180144357683 0.103603678847431 0.0619150675760409 0.00312316244836124
"NA19098.1.B01" 0.717310828833867 0.111334998725841 0.0839615645537555 0.0557822703977125 0.031610337488824
"NA19098.1.B02" 0.672081870259882 0.111238054881359 0.151105299818384 0.064679742004502 0.000895033035872435
"NA19098.1.B03" 0.486666906460957 0.294292233203771 0.11169624617745 0.0933586902355745 0.0139859239222475
"NA19098.1.B05" 0.621487907412428 0.131458307879032 0.142860302151124 0.0657992481326771 0.0383942344247389
"NA19098.1.B06" 0.547031957141704 0.256120355342192 0.100614417699127 0.0622171062925102 0.0340161635244673
"NA19098.1.B07" 0.72486470703011 0.116071505059574 0.0891516704783941 0.0562210761821134 0.0136910412498087
"NA19098.1.B08" 0.664399408876688 0.058948712694194 0.136463639157681 0.103610046091882 0.0365781931795545
"NA19098.1.B09" 0.505929968064705 0.186763653767588 0.207228475496944 0.0872419472051269 0.0128359554656363
"NA19098.1.B10" 0.255467061431873 0.474473814744511 0.204503855559959 0.0529641416903704 0.0125911265732868
"NA19098.1.B11" 0.525997748331624 0.257978944198264 0.133225420568591 0.0794699526385372 0.00332793426298417
"NA19098.1.B12" 0.690672252630946 0.094057164508715 0.128616685439681 0.0654951158335953 0.021158781587063
"NA19098.1.C01" 0.686186288819725 0.148758122609743 0.0957951431269591 0.0687591225325513 0.000501322911021901
"NA19098.1.C02" 0.698258924558295 0.140752861486076 0.0714486074700893 0.0698339533576719 0.0197056531278677
"NA19098.1.C03" 0.606540753568576 0.23149101922624 0.0924042602336216 0.0604233260950335 0.00914064087652872
"NA19098.1.C04" 0.574098438695681 0.231031220839469 0.107823394004625 0.0472917766894495 0.0397551697707759
"NA19098.1.C05" 0.527688128614215 0.242039778961674 0.11811169352397 0.0716534878776832 0.0405069110224586
"NA19098.1.C06" 0.618829504197496 0.172976774830485 0.125059281948254 0.0805785345941124 0.00255590442965199
"NA19098.1.C07" 0.691457866046904 0.112892991667429 0.104188288282795 0.0887800881956887 0.00268076580718338
"NA19098.1.C08" 0.546269430955832 0.292552445553585 0.10750558001356 0.0532663080798954 0.000406235397126909
"NA19098.1.C09" 0.625493377905293 0.188491238126984 0.118550659717186 0.0669794604162859 0.000485263834250941
"NA19098.1.C10" 0.721111905448013 0.124676780077804 0.073474986379547 0.0559733246783734 0.0247630034162625
"NA19098.1.C11" 0.634357861702537 0.138208313721437 0.0849953410376342 0.0916291360682755 0.0508093474701159
"NA19098.1.C12" 0.482196351932717 0.314274172228079 0.125876651711255 0.0772510445421891 0.000401779585759351
"NA19098.1.D01" 0.50737611625579 0.332216062812712 0.0915659091990175 0.0473785297844682 0.0214633819480125
"NA19098.1.D02" 0.589635677312009 0.176626019610185 0.113322061111857 0.0748058972696382 0.04561034469631
"NA19098.1.D03" 0.730639201098284 0.128462833850498 0.0797108522513825 0.0531801091886306 0.00800700361120448
"NA19098.1.D04" 0.631400012222723 0.176784926708963 0.0993304361361312 0.0756069975079368 0.0168776274242468
"NA19098.1.D05" 0.399321659951892 0.471974231882806 0.0780134210122563 0.0503428172332094 0.000347869919836707
"NA19098.1.D06" 0.624040970426324 0.108881191854214 0.099820456529559 0.078184932951194 0.0890724482387097
"NA19098.1.D07" 0.0713796589439265 0.706130995047664 0.150570340139531 0.0713325807216219 0.000586425147255967
"NA19098.1.D08" 0.540416239217761 0.222246042667037 0.098454035895571 0.0909259805451857 0.0479577016744452
"NA19098.1.D09" 0.540215545509033 0.26418434846387 0.118918212888794 0.061651952298613 0.0150299408396889
"NA19098.1.D10" 0.66303454114884 0.176247686312554 0.093452430108163 0.0662665483682326 0.000998794062210556
"NA19098.1.D11" 0.506556076795284 0.306159255797953 0.13487595514668 0.051394008965435 0.00101470329464812
"NA19098.1.D12" 0.753005671475256 0.124433712376054 0.0604684521341788 0.0540508365674586 0.00804132744705227
"NA19098.1.E01" 0.587856893220101 0.164705036540257 0.148300354548854 0.057136786024889 0.0420009296658993
"NA19098.1.E02" 0.639735707096726 0.167826184644623 0.102569559332949 0.073240559148333 0.0166279897773695
"NA19098.1.E03" 0.690245120770204 0.139773928800566 0.0927382411741183 0.0568676035241781 0.0203751057309331
"NA19098.1.E05" 0.624557763693578 0.253370335758625 0.0738301999592092 0.0480148550602071 0.000226845528380467
"NA19098.1.E06" 0.609967542476507 0.193710251476905 0.10849825443168 0.0594382944601058 0.0283856571548014
"NA19098.1.E07" 0.454783374010487 0.37227260944818 0.107358998886081 0.0653857524182743 0.000199265236977646
"NA19098.1.E08" 0.664880032007047 0.12604517808925 0.0904440446935369 0.0780149514370019 0.0406157937731639
"NA19098.1.E09" 0.607480447717193 0.169618462934076 0.113618936395134 0.0885239060078436 0.0207582469457534
"NA19098.1.E10" 0.662478081494245 0.129657916913567 0.102867112648613 0.0647024843904926 0.0402944045530832
"NA19098.1.E11" 0.540982379152797 0.362169472017588 0.00579501945129174 0.0906691541791294 0.000383975199194068
"NA19098.1.E12" 0.630513667740967 0.177956612465363 0.12041146468815 0.0629118935936003 0.00820636151192004
"NA19098.1.F01" 0.543607445597903 0.135867901253414 0.184101031247766 0.106279676258134 0.0301439456427831
"NA19098.1.F02" 0.697898778706372 0.0767449677022562 0.107496961218709 0.0628574034300127 0.0550018889426495
"NA19098.1.F03" 0.723915399467252 0.150688789975367 0.0655427354999752 0.0567852111675027 0.00306786388990305
"NA19098.1.F04" 0.411579182118965 0.365533794437909 0.149570381914582 0.0497175007177838 0.02359914081076
"NA19098.1.F06" 0.150253764166854 0.652351198363811 0.143092883629981 0.0538006843779182 0.000501469461435966
"NA19098.1.F07" 0.498264196737703 0.321247207822417 0.123233028231829 0.0565659052264494 0.000689661981601064
"NA19098.1.F08" 0.579301398470066 0.270112230643262 0.0788769358463968 0.0605726151080876 0.0111368199321878
"NA19098.1.F09" 0.688066172136962 0.144822163430216 0.0972427823310241 0.0696281900529915 0.000240692048806318
"NA19098.1.F10" 0.707803047025319 0.0960627504935975 0.106733241925122 0.0577946402164629 0.0316063203394982
"NA19098.1.F11" 0.695636232379726 0.158464822436082 0.0876068341836448 0.0570531213716803 0.00123898962886607
"NA19098.1.F12" 0.598491742408586 0.231878900274773 0.0947851183340553 0.0744701478366042 0.000374091145981896
"NA19098.1.G01" 0.524044220285304 0.335248437490787 0.0746031354967436 0.0658086759340083 0.000295530793157877
"NA19098.1.G02" 0.668948566218939 0.0965943913229531 0.152626967181409 0.060391151527828 0.0214389237488704
"NA19098.1.G03" 0.482201018184446 0.302938993455323 0.122820670910764 0.0650990706719946 0.0269402467774724
"NA19098.1.G04" 0.580982067809945 0.228956485302881 0.085262155502537 0.0639675111101735 0.0408317802744637
"NA19098.1.G05" 0.657950552983347 0.164189909139557 0.0967575738069503 0.0685722617469869 0.0125297023231589
"NA19098.1.G06" 0.585567017695468 0.208087223732048 0.0969644063395014 0.0746825467614868 0.0346988054714955
"NA19098.1.G07" 0.52953131630615 0.289307915870113 0.0928308167130989 0.0870784479399201 0.00125150317071771
"NA19098.1.G08" 0.623805729485924 0.159451876770052 0.152757942288607 0.0563854643187275 0.00759898713668968
"NA19098.1.G09" 0.595726522162007 0.154384108379918 0.145221964725285 0.0593141447416266 0.0453532599911628
"NA19098.1.G10" 0.666395005802614 0.140563763345372 0.0858523425098914 0.0755807342365472 0.0316081541055752
"NA19098.1.G11" 0.654258233893952 0.127632146938599 0.0963009126055218 0.0772575553856787 0.0445511511762479
"NA19098.1.G12" 0.593417306782406 0.270810261383844 0.0801471763945321 0.0553459319255922 0.000279323513625282
"NA19098.1.H01" 0.687583170955793 0.156227812753657 0.0938442526236958 0.0592369864779607 0.00310777718889311
"NA19098.1.H02" 0.527290062164836 0.287950503197221 0.12456822132707 0.0598861412796789 0.000305072031194474
"NA19098.1.H03" 0.451683333620682 0.293442670730663 0.155459726035448 0.0554599642656833 0.0439543053475248
"NA19098.1.H04" 0.634032677974555 0.213338139984197 0.0970068603404327 0.0519532586823755 0.00366906301844032
"NA19098.1.H05" 0.70020776990583 0.199457248559352 0.0489003248373108 0.0510241855969374 0.000410471100570459
"NA19098.1.H06" 0.289780065821405 0.430118071718822 0.193747748851166 0.0611824646099303 0.0251716489986766
"NA19098.1.H07" 0.487767573823902 0.260389296601756 0.140259537533718 0.0622953141680724 0.0492882778725519
"NA19098.1.H08" 0.261995308812204 0.301207665805449 0.293375409154705 0.0650970461390234 0.0783245700886186
"NA19098.1.H09" 0.400315299507552 0.184976196568424 0.303603098098149 0.0426326985128605 0.0684727073130144
"NA19098.1.H10" 0.609739927155283 0.149099429181272 0.144327163350804 0.0537153251785809 0.0431181551340605
"NA19098.1.H11" 0.650962589763969 0.163328740717432 0.0986905034018588 0.0610607461751781 0.0259574199415614
"NA19098.1.H12" 0.521446281890474 0.324466007341593 0.0940646463577101 0.0592635661250271 0.000759498285195919
"NA19098.2.A01" 0.0462651642730073 0.720558477557062 0.156196463914792 0.0765418955428271 0.000437998712311096
"NA19098.2.A02" 0.690745863522773 0.161282627995717 0.0817173006640643 0.0660047579393946 0.000249449878051425
"NA19098.2.A03" 0.700313735482882 0.157492579282219 0.0818993419080516 0.0601597926433457 0.000134550683502172
"NA19098.2.A04" 0.728470000685509 0.0918275363478827 0.0977361977955506 0.0603941737839471 0.0215720913871103
"NA19098.2.A05" 0.754876582979151 0.11714846927102 0.0473190944092824 0.0800761825262438 0.000579670814302512
"NA19098.2.A06" 0.189132840569459 0.522118192523709 0.212299202745603 0.0548173608022166 0.0216324033590119
"NA19098.2.A07" 0.735402824503783 0.0957719885468289 0.0830118109616868 0.0851442151720782 0.000669160815623472
"NA19098.2.A08" 0.721795871513643 0.0766334061407689 0.131935411277298 0.0680014816498126 0.00163382941847777
"NA19098.2.A09" 0.259264826907002 0.370187929806986 0.236911549140875 0.054516851040496 0.0791188431046409
"NA19098.2.A10" 0.636666620585337 0.211428602939 0.0894020583439828 0.0620738760097561 0.000428842121923859
"NA19098.2.A11" 0.686152204518704 0.0755868637795088 0.143351622657145 0.0685956766549212 0.0263136323897212
"NA19098.2.B01" 0.203486383741516 0.485935349636954 0.208475421503928 0.0582251110513613 0.0438777340662408
"NA19098.2.B02" 0.704084149741624 0.155834119959536 0.0588384575827691 0.0766936907525509 0.00454958196352002
"NA19098.2.B03" 0.70972717755948 0.15404946230637 0.0606240622594351 0.0744442205628442 0.00115507731187023
"NA19098.2.B04" 0.69908335729539 0.106174042899208 0.120673450338334 0.0598949103512121 0.0141742391158556
"NA19098.2.B05" 0.714485432683546 0.121050059648619 0.078808044428087 0.0785721075876284 0.00708435565211934
"NA19098.2.B06" 0.738025887768609 0.105102356172629 0.0732372682823376 0.0820829895676307 0.00155149820879462
"NA19098.2.B07" 0.712555722613993 0.154636952836343 0.0606933900671773 0.0715817538331968 0.000532180649289503
"NA19098.2.B08" 0.730649148777948 0.125539729041596 0.0622583391898731 0.0811712751002829 0.000381507890299702
"NA19098.2.B09" 0.692692166040542 0.117598795604058 0.0940240663370077 0.088333763578457 0.00735120843993517
"NA19098.2.B10" 0.773843926599582 0.0906292150016435 0.0735241443908275 0.0617782932876574 0.000224420720289437
"NA19098.2.B11" 0.205071978264565 0.507697215983765 0.205039387978612 0.0660459311105072 0.0161454866625509
"NA19098.2.C01" 0.626473971852828 0.231586320873645 0.0704174162006955 0.0671485986767761 0.00437369239605621
"NA19098.2.C02" 0.61445666538034 0.179734547140323 0.118882644370815 0.0862132060631662 0.000712937045355468
"NA19098.2.C03" 0.616108006488484 0.175469380872354 0.119757158535648 0.0848590106007175 0.00380644350279639
"NA19098.2.C04" 0.376491057682523 0.160898620154459 0.318430101684816 0.053014811023127 0.0911654094550749
"NA19098.2.C05" 0.644074334461478 0.175353264204482 0.112788622949624 0.066894559683171 0.000889218701245148
"NA19098.2.C06" 0.531838355937114 0.330397378069203 0.0559588079667927 0.0762974572989647 0.0055080007279253
"NA19098.2.C07" 0.650167211631995 0.23359251766844 0.0398153887936677 0.0760393778671033 0.000385504038793534
"NA19098.2.C08" 0.646849634899731 0.123982912213684 0.132453539497625 0.0719663463095127 0.0247475670794467
"NA19098.2.C09" 0.173937456549203 0.52896882441639 0.195900888829835 0.0739659753752754 0.0272268548292965
"NA19098.2.C10" 0.595438754076533 0.161412380938194 0.145478214818322 0.061397102771039 0.0362735473959121
"NA19098.2.C11" 0.703862829996641 0.122608098359143 0.108223470328772 0.0646298997618047 0.000675701553638943
"NA19098.2.C12" 0.725692132751287 0.137866665020284 0.0845161793748273 0.0512124610288216 0.000712561824780722
"NA19098.2.D01" 0.650836810681136 0.221326026233625 0.0730787917018865 0.0545538060104221 0.00020456537293065
"NA19098.2.D02" 0.408200815909389 0.363764913210817 0.144969900564756 0.0603314412114652 0.0227329291035731
"NA19098.2.D03" 0.444368679366199 0.338478339763264 0.133036759302567 0.0612759632141578 0.0228402583538129
"NA19098.2.D04" 0.540847033580115 0.268750383751262 0.0926281465746241 0.068586603013057 0.0291878330809426
"NA19098.2.D05" 0.72116954984876 0.133388131640438 0.0621949620586488 0.0804981811060459 0.00274917534610753
"NA19098.2.D06" 0.678152685805446 0.156969126977935 0.0820245407794205 0.0823140914760962 0.000539554961102154
"NA19098.2.D08" 0.673063195449772 0.164368732832321 0.0784920037751825 0.0656437445631721 0.0184323233795532
"NA19098.2.D09" 0.163361427003262 0.609255405576112 0.171935399008012 0.0526259027550431 0.00282186565757045
"NA19098.2.D10" 0.58099801586594 0.226762154523819 0.101802681460324 0.0658972693748038 0.0245398787751135
"NA19098.2.D11" 0.677468452709702 0.133326625593445 0.0924650576989547 0.0879743749154669 0.00876548908243219
"NA19098.2.D12" 0.716552076183717 0.134190426254566 0.0781412530689594 0.068823320369601 0.00229292412315741
"NA19098.2.E01" 0.705392188750738 0.159567470239436 0.0855749532383715 0.0490464636799962 0.000418924091458783
"NA19098.2.E02" 0.726858677267696 0.112824598612988 0.0899131694156366 0.063097307007815 0.0073062476958641
"NA19098.2.E03" 0.720360743706254 0.117960357224263 0.0995122959385131 0.0613488554562288 0.000817747674741012
"NA19098.2.E04" 0.198707133666402 0.519460206109868 0.180579077435677 0.0505645088030838 0.0506890739849686
"NA19098.2.E05" 0.611399051177311 0.200040030048342 0.128036262684922 0.0600262226064809 0.000498433482943863
"NA19098.2.E06" 0.697276860270402 0.157373183553744 0.0930827269245083 0.0520633497483914 0.000203879502954037
"NA19098.2.E07" 0.436857889428178 0.475958620626782 0.0374579810944963 0.0495877351010608 0.00013777374948221
"NA19098.2.E08" 0.706595598462569 0.148041515976191 0.0796047057411703 0.064153944176229 0.00160423564384034
"NA19098.2.E09" 0.783573253409322 0.0947770166639538 0.0614149377182058 0.0598936981058719 0.000341094102646879
"NA19098.2.E11" 0.716182643496196 0.119702128192231 0.0714518054809599 0.0816308528313001 0.0110325699993124
"NA19098.2.E12" 0.620288185024631 0.215013981019392 0.0951942092770263 0.068611069751359 0.000892554927592587
"NA19098.2.F01" 0.202691910061213 0.545762859224662 0.164807124989436 0.0689069287422597 0.0178311769824294
"NA19098.2.F02" 0.712096660859332 0.137102293387183 0.0825734412976628 0.0680192763244509 0.000208328131371351
"NA19098.2.F03" 0.711681789588451 0.135178693186966 0.0846275370400019 0.0677853171040394 0.000726663080541802
"NA19098.2.F04" 0.578501782971472 0.268948115566063 0.0802858019239909 0.0670076751815371 0.0052566243569376
"NA19098.2.F05" 0.726734954276908 0.0960123387352389 0.0747723390042827 0.0780215285443904 0.0244588394391796
"NA19098.2.F07" 0.68996754424122 0.171686400432475 0.0581859936071988 0.0709167104387216 0.00924335128038488
"NA19098.2.F08" 0.691993518424081 0.188058446806862 0.0566804624234239 0.0606718779932741 0.00259569435235928
"NA19098.2.F09" 0.778737673262441 0.0999975032859421 0.0694798198665648 0.0514698180060164 0.000315185579035334
"NA19098.2.F10" 0.671615643843646 0.182739279597624 0.0874774214968592 0.0571242799994936 0.00104337506237689
"NA19098.2.F11" 0.231809523037196 0.461606085459386 0.213275086683415 0.0666174182151162 0.0266918866048862
"NA19098.2.F12" 0.755687361252036 0.124437327630445 0.0621344434142091 0.057565181680853 0.000175686022457167
"NA19098.2.G01" 0.247874547220919 0.498976852724032 0.152313355360794 0.0619182467030911 0.038916997991164
"NA19098.2.G02" 0.684940996353777 0.130266222771317 0.122914318456237 0.061677577562382 0.000200884856287289
"NA19098.2.G03" 0.685301286658498 0.134363374592819 0.120941138376789 0.059147170773702 0.000247029598192236
"NA19098.2.G04" 0.808275563265102 0.0665643533962082 0.058052919635599 0.0661852287232044 0.000921934979886797
"NA19098.2.G05" 0.475390794075896 0.365695296757688 0.102454750282489 0.0526089905158267 0.00385016836810026
"NA19098.2.G06" 0.663342364285383 0.155744441970155 0.105836765790751 0.0621018219306975 0.0129746060230138
"NA19098.2.G07" 0.683062653021254 0.144233121977402 0.0826077900864211 0.0825615492079296 0.00753488570699348
"NA19098.2.G08" 0.655178563738435 0.18604148414221 0.084695661667259 0.0675965928754065 0.00648769757668947
"NA19098.2.G09" 0.712988515879568 0.135486627595814 0.0907109132010137 0.0601906899630918 0.00062325336051273
"NA19098.2.G10" 0.373795008239254 0.190644428726275 0.303750892452127 0.0456355189158583 0.0861741516664854
"NA19098.2.G11" 0.509186444504115 0.219528503171211 0.189966656084986 0.0574286142767409 0.0238897819629472
"NA19098.2.G12" 0.637840876354241 0.131365189464838 0.130153142737925 0.08625285809336 0.0143879333496366
"NA19098.2.H01" 0.290886683807563 0.429168779506547 0.191077953000933 0.0563907485383695 0.0324758351465874
"NA19098.2.H02" 0.642522963178834 0.163265966439494 0.129284628592967 0.0578145275896674 0.00711191419903695
"NA19098.2.H03" 0.634231661377045 0.171202560136028 0.133123057444471 0.0596318823481975 0.00181083869425769
"NA19098.2.H04" 0.658356383385613 0.130324895526283 0.120344155978695 0.0567565932103215 0.0342179718990868
"NA19098.2.H05" 0.754407060193964 0.0713085973083716 0.114601730746853 0.0545039216974606 0.0051786900533502
"NA19098.2.H06" 0.586215017878546 0.26552825707734 0.0713826991925674 0.0592906894811142 0.0175833363704329
"NA19098.2.H07" 0.252287503385445 0.451780803232677 0.233488195642402 0.0525282475482657 0.00991525019120974
"NA19098.2.H08" 0.180013153228399 0.599794024918912 0.157328098949377 0.0606603662323928 0.00220435667091947
"NA19098.2.H10" 0.719752443178667 0.100196420637955 0.110545150304617 0.068713115766531 0.00079287011223033
"NA19098.2.H11" 0.686510083458978 0.154995261421211 0.0987840643441615 0.0582947118985995 0.00141587887705063
"NA19098.2.H12" 0.233092857466867 0.544163774028596 0.159412844304217 0.062668630758616 0.000661893441703788
"NA19098.3.A03" 0.729183312204461 0.101436501289837 0.105821351123692 0.0629986179406783 0.000560217441331559
"NA19098.3.A05" 0.287204659177659 0.518590607506677 0.127869152432102 0.0612630226891035 0.0050725581944582
"NA19098.3.A06" 0.60141663253178 0.226500817337216 0.0975206578296356 0.0625926944522018 0.0119691978491669
"NA19098.3.A07" 0.356015056392875 0.43844103842434 0.139402118932389 0.0593874714700299 0.00675431478036677
"NA19098.3.A08" 0.695062831820741 0.158748224474772 0.066974107346898 0.0788560524095078 0.000358783948081916
"NA19098.3.A12" 0.683370799438292 0.14349338983352 0.100822542055486 0.0638615215885432 0.00845174708415929
"NA19098.3.B01" 0.57665174410943 0.221856704762109 0.135302900885436 0.0577656684308 0.008422981812226
"NA19098.3.B02" 0.3734880067705 0.355648154473509 0.19656287809715 0.0582045231767842 0.0160964374820575
"NA19098.3.B03" 0.729144907633326 0.110146220234098 0.0963005146040407 0.0640868547227524 0.00032150280578271
"NA19098.3.B04" 0.773188205173303 0.0886498634926491 0.0597141813578126 0.077947601116093 0.000500148860142507
"NA19098.3.B05" 0.741785532306547 0.100773944126834 0.0744066448016324 0.0730734477820657 0.009960430982921
"NA19098.3.B06" 0.43571666915621 0.257625558096286 0.212240615156254 0.0609562713825623 0.0334608862086881
"NA19098.3.B07" 0.785192881353244 0.0909827909220591 0.0670966472837758 0.0566285281397329 9.91523011885327e-05
"NA19098.3.B08" 0.688087074076221 0.0488324030900379 0.207030060087789 0.0555539234388287 0.0004965393071237
"NA19098.3.B09" 0.745042146834456 0.0442274233678391 0.141784460072129 0.0537772435795378 0.0151687261460375
"NA19098.3.B11" 0.724574883587043 0.160711234986062 0.0418014729748715 0.0727473218100549 0.000165086641968314
"NA19098.3.B12" 0.666749712123829 0.151574477167751 0.092792617696703 0.0811080771899768 0.00777511582173991
"NA19098.3.C01" 0.696714613650552 0.177901512581796 0.0604555165704861 0.064703466674188 0.000224890522977422
"NA19098.3.C02" 0.500057708107837 0.0904280156570982 0.275001087154266 0.0542706946191521 0.0802424944616474
"NA19098.3.C03" 0.588673890331082 0.245691510806898 0.104173344119908 0.0559192351476873 0.00554201959442489
"NA19098.3.C04" 0.721267932636169 0.142294831643768 0.079637362304892 0.0557924523732953 0.00100742104187615
"NA19098.3.C05" 0.713176111682707 0.141215535089706 0.0766502740999143 0.0685322565483596 0.000425822579313282
"NA19098.3.C07" 0.28627848302475 0.462026152361549 0.16644033648365 0.0667896026325884 0.0184654254974632
"NA19098.3.C08" 0.424466857267849 0.145858169469496 0.27281864440238 0.0614608642622393 0.095395464598036
"NA19098.3.C09" 0.774791802386573 0.0781582891460465 0.0627016987384851 0.0785862797159054 0.00576193001299058
"NA19098.3.C10" 0.748161786358783 0.106005055344907 0.0919586237022231 0.0535393288049241 0.000335205789162553
"NA19098.3.C11" 0.717231766631971 0.173350790171559 0.0511558679470515 0.0576569862586273 0.000604588990791137
"NA19098.3.C12" 0.639683943524654 0.233390702581601 0.0613247868212106 0.0654575558933787 0.000143011179155809
"NA19098.3.D01" 0.340843827394593 0.327555362706389 0.21001622820866 0.0508316231698023 0.0707529585205556
"NA19098.3.D02" 0.446087997237117 0.264792175286954 0.192282956135546 0.0677337673736109 0.0291031039667728
"NA19098.3.D03" 0.754007052604158 0.100651900916646 0.0671317935955704 0.0769578278115828 0.00125142507204319
"NA19098.3.D05" 0.749634804281234 0.11025206199038 0.0539542304921908 0.0800443481576384 0.006114555078556
"NA19098.3.D07" 0.745134154678371 0.0369082571520628 0.141269965728931 0.0637011884072564 0.0129864340333782
"NA19098.3.D09" 0.716752885630314 0.135329045055588 0.0710970832029446 0.0764939119417149 0.000327074169438276
"NA19098.3.D10" 0.71146484738412 0.157565594770335 0.069711126270161 0.0609420394673275 0.00031639210805706
"NA19098.3.D11" 0.6581451833751 0.192336307806848 0.07035827703108 0.0718295773051107 0.00733065448186139
"NA19098.3.D12" 0.553681700045919 0.311092448687839 0.0729457110538218 0.0618736357388444 0.000406504473576042
"NA19098.3.E01" 0.719874649574052 0.115537649812844 0.105697280037399 0.0569260742917587 0.00196434628394719
"NA19098.3.E02" 0.747779672882288 0.127545192774085 0.0680077372822189 0.0561311036304678 0.000536293430940506
"NA19098.3.E03" 0.740240897241167 0.111796523714485 0.0815559259640652 0.0643010142698947 0.00210563881038782
"NA19098.3.E04" 0.668663900271522 0.212100806444568 0.0530776511676877 0.066008683534188 0.000148958582033937
"NA19098.3.E05" 0.276209069420818 0.46807656977567 0.181420161055464 0.0624134861485083 0.0118807135995406
"NA19098.3.E06" 0.36639550527573 0.360319336700318 0.186483809610933 0.0648782190186863 0.0219231293943324
"NA19098.3.E07" 0.40006215526635 0.400145947763937 0.115134502836111 0.0845643445753651 9.30495582382107e-05
"NA19098.3.E08" 0.299151657323588 0.514950198662861 0.114273720973804 0.0595748390177809 0.0120495840219668
"NA19098.3.E09" 0.381045569059383 0.4089408191969 0.151824493263241 0.0567157867267296 0.00147333175374704
"NA19098.3.E10" 0.728532736350176 0.0988501300455 0.0912207789904336 0.0809706750731252 0.00042567954076554
"NA19098.3.E11" 0.803268000016993 0.0763948696316905 0.0667473219645465 0.0530218374976281 0.000567970889141365
"NA19098.3.E12" 0.714875907211609 0.124460739055354 0.10530483756857 0.0550024154223314 0.000356100742134764
"NA19098.3.F01" 0.445899520500206 0.179476917360833 0.250546201671327 0.0537991889762866 0.0702781714913475
"NA19098.3.F03" 0.660101934084623 0.172035661711261 0.0936516455985006 0.0608498488174218 0.0133609097881937
"NA19098.3.F04" 0.665559475524688 0.195031294188108 0.0783085450409321 0.0608907521445549 0.000209933101717643
"NA19098.3.F05" 0.657554739643696 0.247342256468073 0.0314236515557349 0.0633248037529355 0.000354548579560983
"NA19098.3.F06" 0.683551599729787 0.186769867430812 0.0753244083200529 0.0528125439116671 0.00154158060768036
"NA19098.3.F07" 0.482392951954178 0.389724079157667 0.0594925556727715 0.0676561927665245 0.00073422044885866
"NA19098.3.F09" 0.739731673267542 0.103129763268799 0.0961789857245602 0.0606978389251712 0.0002617388139276
"NA19098.3.F10" 0.692219414178519 0.16675562928278 0.0477771179122246 0.0824863975095648 0.0107614411169117
"NA19098.3.F11" 0.262574397359527 0.519833184418054 0.137366477079764 0.0674806004432446 0.012745340699411
"NA19098.3.G01" 0.760471351538772 0.0682836876369342 0.114299457014925 0.0531335923209082 0.00381191148846115
"NA19098.3.G02" 0.350727310441215 0.421197966757772 0.159397013174603 0.0642780598569457 0.00439964976946457
"NA19098.3.G03" 0.281916094114752 0.50016364755315 0.137713381948306 0.0615930683634616 0.0186138080203298
"NA19098.3.G04" 0.351880824067713 0.474560258763829 0.102452604420047 0.0658136393928842 0.0052926733555272
"NA19098.3.G05" 0.830539501128671 0.0743580697935815 0.0225330419271427 0.0721235733259344 0.000445813824669941
"NA19098.3.G06" 0.674318239425214 0.188828134217439 0.0804321900981381 0.0552396305167972 0.0011818057424118
"NA19098.3.G07" 0.363601811549654 0.418907922354208 0.1460574899774 0.0579446051863153 0.0134881709324233
"NA19098.3.G08" 0.367253177066093 0.381161830000318 0.160483911219809 0.0592474867127276 0.0318535950010524
"NA19098.3.G09" 0.439128618150663 0.323431711248744 0.133320454209836 0.0605730840930906 0.0435461322976658
"NA19098.3.G10" 0.81565183067484 0.0638085113203539 0.0595826931523996 0.0608573361338268 9.96287185800573e-05
"NA19098.3.G11" 0.304855608453894 0.494083025888007 0.146866942935029 0.0529209108585112 0.00127351186455877
"NA19098.3.G12" 0.324435217508323 0.444969724848284 0.15306955874896 0.0566528107263077 0.0208726881681244
"NA19098.3.H01" 0.369612012249722 0.321035620309014 0.20481456838653 0.0582623225586503 0.0462754764960841
"NA19098.3.H02" 0.64286601736718 0.220224320294079 0.0595389631832627 0.0594379615026957 0.0179327376527822
"NA19098.3.H03" 0.692416172380844 0.151378255187789 0.0719900178979577 0.0820352667287041 0.00218028780470526
"NA19098.3.H04" 0.758861932689034 0.0474577930380013 0.106277961052741 0.0822632199138716 0.00513909330635163
"NA19098.3.H05" 0.66767692268849 0.174002678143536 0.0965936070821989 0.0589246821616261 0.00280210992414875
"NA19098.3.H06" 0.727294083523054 0.153032091231737 0.0615169031042303 0.0579201863090553 0.000236735831924025
"NA19098.3.H07" 0.420536210320791 0.204492487734661 0.289247515493034 0.0569937253948453 0.0287300610566689
"NA19098.3.H08" 0.389558586377123 0.356671597238229 0.185500893138237 0.0627906117199168 0.00547831152649406
"NA19098.3.H09" 0.4702403727194 0.322304700977405 0.135033532522339 0.0475125817024561 0.0249088120783994
"NA19098.3.H10" 0.704932349541282 0.155665458590111 0.0601093888515949 0.0672118709696591 0.012080932047353
"NA19098.3.H11" 0.462302437627133 0.420659617742788 0.0494518140577296 0.0674699079081668 0.000116222664182682
"NA19098.3.H12" 0.743650624421664 0.133487421711901 0.0592616330627956 0.0633257933660642 0.000274527437575551
"NA19239.1.A01" 0.572175787875789 0.245153146068241 0.115274659843087 0.066742608913751 0.000653797299132285
"NA19239.1.A02" 0.479992314901403 0.2645148369869 0.183690942001152 0.0708706425597615 0.000931263550782962
"NA19239.1.A03" 0.563657605812276 0.228306162647771 0.1422550198176 0.0655550368418326 0.0002261748805208
"NA19239.1.A04" 0.481116574162181 0.146976362383106 0.25374626495533 0.0803440654958792 0.0378167330035041
"NA19239.1.A05" 0.72349995645695 0.0956417626007788 0.116296303424119 0.0613314591712444 0.00323051834690858
"NA19239.1.A06" 0.622159650942519 0.137456040095179 0.151719488134804 0.0689620921730222 0.0197027286544762
"NA19239.1.A07" 0.327802588613289 0.422331806606517 0.185113966352192 0.0551302184972946 0.00962141993070704
"NA19239.1.A08" 0.552548192383606 0.236709427008663 0.158720203831807 0.0508357859434237 0.00118639083250044
"NA19239.1.A09" 0.497718411251132 0.290292684337555 0.126339445921739 0.0785813693557186 0.00706808913385598
"NA19239.1.A10" 0.659336032386361 0.11472531953066 0.170403318451783 0.0542698002467444 0.00126552938445136
"NA19239.1.A11" 0.608545284854072 0.113758299276209 0.199735179562037 0.0690091831044129 0.00895205320326889
"NA19239.1.A12" 0.539734855819396 0.162588152876287 0.216593952862361 0.0624047994520598 0.0186782389898962
"NA19239.1.B02" 0.62634432107467 0.1302067644548 0.150704000377776 0.0892205176887409 0.0035243964040135
"NA19239.1.B03" 0.549316624720337 0.275883607266891 0.118615711421946 0.0553301075152266 0.000853949075599437
"NA19239.1.B05" 0.521583857179441 0.171261844909229 0.217813202785971 0.0570371081749187 0.0323039869504404
"NA19239.1.B06" 0.355174511711572 0.421829063661514 0.147227767541798 0.0712244774867467 0.00454417959836918
"NA19239.1.B07" 0.483063341802756 0.298778231768066 0.147165791167504 0.0561259648665148 0.0148666703951596
"NA19239.1.B08" 0.712726694213501 0.152793504960548 0.0826633560138522 0.0514519472121617 0.000364497599937042
"NA19239.1.B09" 0.669842742925883 0.120239486379438 0.12626427910572 0.0550049967561156 0.0286484948328436
"NA19239.1.B10" 0.36234435419926 0.425195431991307 0.144768491467626 0.0624964366746951 0.00519528566711209
"NA19239.1.B11" 0.66395533392511 0.236886780346427 0.0236326058512529 0.0751813730347326 0.000343906842477481
"NA19239.1.B12" 0.732323037432629 0.134359046336432 0.082805713354444 0.0502720330712152 0.000240169805279617
"NA19239.1.C01" 0.490667711111997 0.253007732522926 0.153663833577005 0.0650159747821323 0.03764474800594
"NA19239.1.C02" 0.760242176997332 0.0740537649189572 0.0995445933834202 0.0629418166493391 0.00321764805095163
"NA19239.1.C03" 0.68273436745026 0.170555636496765 0.0878855725376174 0.0579750976794276 0.000849325835929894
"NA19239.1.C05" 0.691455073301108 0.157052620016055 0.0623748997037882 0.0793064153940787 0.00981099158497085
"NA19239.1.C06" 0.563205071958414 0.291186626274175 0.0708901725117764 0.0731375970982324 0.00158053215740195
"NA19239.1.C07" 0.274225381537276 0.443279739333032 0.211436797144879 0.0645612796052023 0.00649680237961051
"NA19239.1.C08" 0.604012992558112 0.214619717271904 0.0877308179823277 0.0741916365791203 0.0194448356085356
"NA19239.1.C09" 0.738102789539073 0.111315330456301 0.0958955413913934 0.0543673224731876 0.000319016140044623
"NA19239.1.C10" 0.667680829144008 0.190249045761063 0.0729803938559689 0.0675180147107566 0.00157171652820327
"NA19239.1.C11" 0.422192525162911 0.405101123110192 0.108877831702773 0.0634962485119913 0.000332271512133049
"NA19239.1.C12" 0.701878688878489 0.168178501382463 0.0435436106182502 0.0765276935716157 0.00987150554918126
"NA19239.1.D01" 0.684582593219844 0.221482538257644 0.0333056961413944 0.0595953874319764 0.00103378494914105
"NA19239.1.D02" 0.634121322266018 0.213613202651067 0.0935965458016972 0.0584090126410646 0.000259916640153044
"NA19239.1.D03" 0.45005011151019 0.302730183861701 0.157619235970178 0.0643518445058984 0.0252486241520331
"NA19239.1.D04" 0.584631306264677 0.261383240764153 0.0884202696658332 0.0653285277700023 0.000236655535334744
"NA19239.1.D05" 0.517625422029038 0.431914377954409 0.000118439576472958 0.0500567018099864 0.000285058630094122
"NA19239.1.D06" 0.662543158564165 0.142951586212414 0.10683954755482 0.0648562847145726 0.0228094229540285
"NA19239.1.D07" 0.277867943223194 0.422193511964574 0.227826405859857 0.0606139275177522 0.0114982114346227
"NA19239.1.D08" 0.704404703862042 0.184042013609901 0.044344897656762 0.0623228027235722 0.00488558214772277
"NA19239.1.D09" 0.647167206616202 0.170065825288167 0.116415987171463 0.0625882907501064 0.00376269017406089
"NA19239.1.D10" 0.546500686986151 0.251153439901012 0.139934588152836 0.0605729414392821 0.00183834352071914
"NA19239.1.D11" 0.643329743944873 0.147378333720036 0.132137136492471 0.0604368151990627 0.0167179706435577
"NA19239.1.D12" 0.503695034042114 0.294294618974575 0.133084824033868 0.0681510887954652 0.000774434153977741
"NA19239.1.E01" 0.677700017130848 0.174092043756402 0.0895392837104691 0.0580059056097322 0.000662749792548467
"NA19239.1.E02" 0.74597478425055 0.12757921021538 0.0537595290597105 0.0716305630459491 0.00105591342841106
"NA19239.1.E03" 0.618446963641323 0.176511965586992 0.123001539235538 0.0577134955089664 0.0243260360271809
"NA19239.1.E04" 0.632300258706217 0.159695076489988 0.135659479073601 0.0566685443325352 0.0156766413976589
"NA19239.1.E05" 0.346930973593626 0.161078872515509 0.344955606633942 0.0585396032535269 0.0884949440033966
"NA19239.1.E06" 0.52032785345256 0.186249475149483 0.151417971162773 0.07619056474301 0.0658141354921743
"NA19239.1.E07" 0.597916407925875 0.191044014309516 0.0961517592163757 0.0712481027176133 0.0436397158306206
"NA19239.1.E08" 0.692280069927156 0.134398873812235 0.071924413488937 0.068416087860994 0.0329805549106778
"NA19239.1.E09" 0.684548138004577 0.169741553212918 0.0825362210117719 0.0616813158669979 0.00149277190373482
"NA19239.1.E10" 0.5810462127774 0.231819565253243 0.111778146064334 0.063100874060314 0.0122552018447085
"NA19239.1.E11" 0.603289370776094 0.163459228381947 0.115934381049324 0.0657948148413016 0.051522204951334
"NA19239.1.E12" 0.705090739732916 0.0973672241241603 0.112242401279696 0.0549848904265516 0.0303147444366759
"NA19239.1.F01" 0.599742781052355 0.183925245766728 0.112133540282897 0.0582639995142921 0.0459344333837273
"NA19239.1.F02" 0.588576618258762 0.23593575209198 0.106384217621457 0.0529382780355837 0.0161651339922161
"NA19239.1.F03" 0.568186962102479 0.260597844786789 0.103170545367958 0.0482149016990924 0.0198297460436822
"NA19239.1.F04" 0.646365535944717 0.175521165915176 0.107702632562289 0.0550672089053996 0.0153434566724185
"NA19239.1.F05" 0.180807514535594 0.592423661442824 0.151617003724962 0.0576250615686566 0.0175267587279634
"NA19239.1.F06" 0.648507990729916 0.241039272856434 0.0602221336412253 0.0499784869585148 0.000252115813909837
"NA19239.1.F07" 0.655918693127865 0.172894598362445 0.110174581870725 0.0563403058677054 0.00467182077125989
"NA19239.1.F08" 0.638205133408154 0.201055375892426 0.0886810523280246 0.0715820886188217 0.000476349752573815
"NA19239.1.F09" 0.634639703713561 0.196539616421937 0.0813691237666998 0.0596953461130318 0.0277562099847705
"NA19239.1.F10" 0.710523896115338 0.17039343389192 0.0643809713479552 0.0542781164139677 0.000423582230819341
"NA19239.1.F11" 0.600417412247942 0.179322712590772 0.156298058927625 0.0529461289061832 0.0110156873274775
"NA19239.1.F12" 0.658165199978695 0.111665280123429 0.152391609669566 0.0593554919929184 0.0184224182353912
"NA19239.1.G01" 0.597470101281234 0.213104394588031 0.133927864379305 0.0547366376366254 0.000761002114805295
"NA19239.1.G02" 0.546901480227911 0.213190624314379 0.150802343239501 0.0585529676674426 0.0305525845507672
"NA19239.1.G03" 0.619687739652686 0.201041159665165 0.107568745641307 0.0707409696220959 0.00096138541874508
"NA19239.1.G04" 0.560052643517614 0.198328268577191 0.173232353692042 0.0540570785798977 0.0143296556332543
"NA19239.1.G05" 0.373192983701858 0.331807044702417 0.242748448313638 0.0503456422914139 0.00190588099067414
"NA19239.1.G06" 0.595601370456067 0.167826592377649 0.162989285000821 0.0670824233142372 0.00650032885122636
"NA19239.1.G07" 0.504124179858155 0.261661496281763 0.156712959592144 0.0578944621323051 0.0196069021356326
"NA19239.1.G08" 0.463637494426185 0.25253438470351 0.215728798965932 0.0605502039706839 0.00754911793368915
"NA19239.1.G09" 0.583780959201181 0.143591310287999 0.190462862621908 0.0585420279245285 0.0236228399643838
"NA19239.1.G10" 0.674843506193443 0.128877418720339 0.143518882113791 0.0516575468644129 0.00110264610801393
"NA19239.1.G11" 0.659601995877052 0.184909064590678 0.0861084743553124 0.0623822662706173 0.00699819890634037
"NA19239.1.G12" 0.629180364318403 0.207555314865368 0.110075243192273 0.0519164310711776 0.00127264655277788
"NA19239.1.H01" 0.563365733123169 0.26465182255027 0.101781393316804 0.0677131564805833 0.00248789452917384
"NA19239.1.H03" 0.655759396023375 0.188700572173308 0.0992055544724988 0.0559881954774415 0.000346281853377433
"NA19239.1.H04" 0.555719739224353 0.224642190488773 0.158624141499472 0.0594947090613071 0.00151921972609424
"NA19239.1.H05" 0.572769210036684 0.166149326501414 0.182798295185527 0.0625792098603068 0.0157039584160683
"NA19239.1.H06" 0.645429465104135 0.170648709177375 0.112807033698108 0.0697397017850706 0.00137509023531226
"NA19239.1.H07" 0.661578022412611 0.160444632067924 0.104153497770481 0.065742069240087 0.00808177850889721
"NA19239.1.H08" 0.548942603677967 0.238796602589781 0.149133263516862 0.0607815605197964 0.00234596969559357
"NA19239.1.H09" 0.480932390093878 0.287035003922132 0.119249363200871 0.0849950916548673 0.0277881511282523
"NA19239.1.H10" 0.716334110636936 0.157312100732345 0.0733155495488086 0.0520515534267159 0.000986685655194546
"NA19239.1.H11" 0.772422003254213 0.0607694078507942 0.123068325048523 0.0428341551416728 0.000906108704796671
"NA19239.1.H12" 0.727483179781492 0.0490023740401278 0.166648453256963 0.0544997438787742 0.00236624904264314
"NA19239.2.A01" 0.614804236086588 0.260102641335628 0.0664037085142689 0.0581763895163698 0.00051302454714517
"NA19239.2.A02" 0.743886396700319 0.056514871549739 0.137771155620777 0.0612676137828917 0.000559962346272998
"NA19239.2.A04" 0.673263948798107 0.202011712799551 0.0408634850031133 0.083549014392777 0.000311839006451811
"NA19239.2.A05" 0.683716156647621 0.182780732191421 0.0741830985678834 0.0513159622076794 0.00800405038539516
"NA19239.2.A06" 0.691023061473329 0.112977711632304 0.0947224277053249 0.0932700127120299 0.00800678647701227
"NA19239.2.A07" 0.758424798589154 0.0291834131229461 0.136572979589314 0.0635194450607362 0.0122993636378496
"NA19239.2.A08" 0.741733402801971 0.0532184103038969 0.14391888792787 0.0606202633905378 0.000509035575723867
"NA19239.2.A09" 0.741813077486376 0.10281478751147 0.0794650771746556 0.0733002307020672 0.00260682712543143
"NA19239.2.A10" 0.331143652219272 0.118114055325445 0.35530943305653 0.0889351590517614 0.106497700346991
"NA19239.2.A11" 0.728562855414899 0.0650400034415906 0.112125763026395 0.0787435150124343 0.0155278631046808
