"1" "2" "3" "4" "5"
"NA19239.1.A01" 0.651117055146408 0.166215884055692 0.087683841708876 0.0758993277400085 0.0190838913490153
"NA19239.1.A02" 0.511220010193718 0.361465183364577 0.0466637589654388 0.0491538478848885 0.0314971995913778
"NA19239.1.A04" 0.281046099950961 0.116825575857555 0.0891957744498461 0.227811106557784 0.285121443183854
"NA19239.1.A05" 0.852766573867717 0.00446179124440859 0.0377942523360171 0.0386359159987826 0.0663414665530749
"NA19239.1.A06" 0.34960135972911 0.529966951563268 0.0477583034752689 0.0370749389440825 0.035598446288271
"NA19239.1.A07" 0.373197770068994 0.0164879294178415 0.200180971483809 0.116959152241625 0.293174176787731
"NA19239.1.A09" 0.39150157438655 0.195923815364176 0.0334991852470259 0.223272190399163 0.155803234603085
"NA19239.1.A10" 0.101086931859383 0.228321825593291 0.363177092028118 0.0252744092034361 0.282139741315772
"NA19239.1.A11" 0.546957575366578 0.220477812044944 0.111817795238455 0.0738027360999249 0.0469440812500984
"NA19239.1.A12" 0.19069140795565 0.131959351986938 0.0925504802339647 0.396850450700781 0.187948309122666
"NA19239.1.B01" 0.331054173193389 0.267776229099113 0.136488367551334 0.0447074468977923 0.219973783258371
"NA19239.1.B02" 0.627533365638168 0.122929041053015 0.0505062115281823 0.0623826135226976 0.136648768257938
"NA19239.1.B03" 0.606452694205461 0.288175059807589 0.0708275666037819 0.0292217876329081 0.00532289175025985
"NA19239.1.B04" 0.525029155614343 0.276852412997747 0.00275633844662241 0.0939175782771032 0.101444514664185
"NA19239.1.B06" 0.00224888758221852 0.0354552517987629 0.379074204375493 0.582429389655138 0.000792266588387606
"NA19239.1.B09" 0.344413603540691 0.198361546769207 0.0721530540220584 0.352817098046716 0.0322546976213277
"NA19239.1.B10" 0.401889260490836 0.243641719351759 0.24112143970428 0.0437510699229965 0.0695965105301287
"NA19239.1.B11" 0.223149789226232 0.0684654822658138 0.000589333299142227 0.545067826108808 0.162727569100004
"NA19239.1.B12" 0.154529268074433 0.173740619098316 0.174243289085046 0.429217283877477 0.068269539864728
"NA19239.1.C01" 0.33231328754332 0.401491757546855 0.0310916232657315 0.0845854428447468 0.150517888799346
"NA19239.1.C02" 0.528552948690912 0.357825688380614 0.0268885894245118 0.0850042696772288 0.00172850382673355
"NA19239.1.C03" 0.368030005589034 0.0862005000619257 0.416498207697851 0.0146990120624955 0.114572274588694
"NA19239.1.C04" 0.413441190781143 0.129337982734741 0.146878272431425 0.189328940792576 0.121013613260116
"NA19239.1.C05" 0.103262181211886 0.100054201023234 0.296898499543037 0.0804762199818452 0.419308898239998
"NA19239.1.C06" 0.610267598435232 0.0616124160610164 0.1016749533677 0.0393466643388689 0.187098367797182
"NA19239.1.C07" 0.566308482950221 0.128373825222174 0.0929307702436854 0.0096658922622595 0.202721029321661
"NA19239.1.C08" 0.434503203780315 0.237329538200693 0.0646084297026638 0.0902131295545734 0.173345698761755
"NA19239.1.C09" 0.502266501399542 0.371703035238206 0.0908233612036871 0.0337247803312867 0.00148232182727773
"NA19239.1.C10" 0.474194764771915 0.378075342107772 0.00858200557790772 0.0327478425035788 0.106400045038826
"NA19239.1.C11" 0.583608415636129 0.141035739243375 0.069954185023245 0.0645915910465961 0.140810069050655
"NA19239.1.C12" 0.217271984430619 0.212824944630757 0.110212312777416 0.12631455403443 0.333376204126778
"NA19239.1.D01" 0.151470161372058 0.15603327477189 0.233170771301454 0.342903082604464 0.116422709950133
"NA19239.1.D02" 0.407756766353567 0.489295068175274 0.081954922062549 0.0199533090710162 0.00103993433759432
"NA19239.1.D03" 0.34945429198592 0.00226915516018117 0.52975003274368 0.00210766771806399 0.116418852392154
"NA19239.1.D04" 0.293290523874501 0.230049188344732 0.122176818762045 0.14878076892163 0.205702700097092
"NA19239.1.D05" 0.0806478848806487 0.772928326760905 0.0312031141301733 0.00513101076814671 0.110089663460126
"NA19239.1.D06" 0.830821597637535 0.00134643803730891 0.0395192600085078 0.0808377319952723 0.0474749723213756
"NA19239.1.D07" 0.223334848260479 0.0186800276245802 0.24096483040619 0.120796526954998 0.396223766753754
"NA19239.1.D08" 0.155828769869205 0.0838824306017574 0.312365859657952 0.0384754407709411 0.409447499100144
"NA19239.1.D09" 0.00625533887609444 0.047599505688794 0.0769414262040176 0.867592388443919 0.00161134078717504
"NA19239.1.D10" 0.472978406262692 0.405752048023671 0.0335436875387658 0.0442137011424172 0.0435121570324538
"NA19239.1.D11" 0.540082469443384 0.00109993333078918 0.446079249168112 0.00996756541913264 0.00277078263858261
"NA19239.1.D12" 0.648154694526048 0.136812342502882 0.108562543407645 0.0160890123503443 0.0903814072130815
"NA19239.1.E01" 0.000904183446927488 0.00920548588677561 0.000309825972199017 0.747751449777961 0.241829054916137
"NA19239.1.E02" 0.567140882253973 0.11363030780049 0.00936524420111249 0.0942432207378012 0.215620345006624
"NA19239.1.E03" 0.370551475927903 0.0185421279567538 0.34700451405731 0.000755600473005244 0.263146281585028
"NA19239.1.E04" 0.689948655669043 0.0638081897686846 0.218809005930336 0.0207215743806877 0.00671257425124878
"NA19239.1.E05" 0.0256051984063087 0.00257989030710798 0.233233008032455 0.303038288293263 0.435543614960866
"NA19239.1.E06" 0.280643519676041 0.40846397559835 0.00161052103903894 0.0267370700406315 0.282544913645939
"NA19239.1.E07" 0.587230592035918 0.0941869142715345 0.144233900558307 0.0296841640567928 0.144664429077448
"NA19239.1.E08" 0.389192870554652 0.200912191524602 0.0391729514286677 0.0587683019819641 0.311953684510114
"NA19239.1.E09" 0.111140864602357 0.544833380269764 0.0362388760423258 0.0522685340650441 0.25551834502051
"NA19239.1.E11" 0.630915015681296 0.0975503689453795 0.112851118961562 0.0790335825314416 0.0796499138803208
"NA19239.1.E12" 0.193026598185806 0.247133186323565 0.00478493088065148 0.328989839954245 0.226065444655733
"NA19239.1.F01" 0.530824268423175 0.084811490588701 0.0740075811108298 0.0057139138332721 0.304642746044022
"NA19239.1.F02" 0.29116271334034 0.57905450741852 0.0787014356989539 0.0498805987387961 0.00120074480339003
"NA19239.1.F03" 0.285573804868542 0.154302850588704 0.322578637052769 0.0515190191982687 0.186025688291716
"NA19239.1.F04" 0.667084692683558 0.170191514201957 0.000990166837058303 0.0264586848120038 0.135274941465423
"NA19239.1.F05" 0.00091499423714496 0.0154529532843601 0.0762506883787637 0.904967685920557 0.00241367817917422
"NA19239.1.F06" 0.435913356081114 0.340171236247623 0.00458563354964283 0.00393919536519939 0.21539057875642
"NA19239.1.F07" 0.221458340092254 0.667745580662638 0.0722088754378769 0.0179227040511147 0.0206644997561169
"NA19239.1.F08" 0.662964030019005 0.0364015956722851 0.0173952896659896 0.107665393870927 0.175573690771794
"NA19239.1.F09" 0.316569608425362 0.100625748767331 0.135823341937365 0.308454833857916 0.138526467012025
"NA19239.1.F10" 0.288014225267188 0.0683870489150114 0.347086868485422 0.10777067409786 0.188741183234519
"NA19239.1.F11" 0.190951946549969 0.0747989411065128 0.618291307949749 0.0737478964854499 0.0422099079083191
"NA19239.1.F12" 0.572156406185297 0.223301473904595 0.00166086254905623 0.00404656809458438 0.198834689266467
"NA19239.1.G01" 0.0365522909120539 0.000930159842759328 0.105928651898659 0.48025807386816 0.376330823478367
"NA19239.1.G04" 0.69831382640857 0.0401431841573853 0.0892294909389461 0.124763630604346 0.0475498678907528
"NA19239.1.G05" 0.159206581664954 0.139431225405463 0.453514651431219 0.121007699993976 0.126839841504388
"NA19239.1.G06" 0.298570626559811 0.53477817188682 0.108191841204524 0.055773029129702 0.00268633121914312
"NA19239.1.G07" 0.568839703881131 0.23566321009997 0.111287216072952 0.0609411042516096 0.0232687656943384
"NA19239.1.G08" 0.591478411124351 0.156453339590235 0.183148200935552 0.000744297628997985 0.0681757507208635
"NA19239.1.G09" 0.243866967553912 0.193721030224101 0.151334606233071 0.178187587751574 0.232889808237341
"NA19239.1.G10" 0.150886982449581 0.143019595451158 0.110296772425167 0.238241327639224 0.357555322034871
"NA19239.1.G11" 0.641451085153472 0.215241820546627 0.0394689587228434 0.0519790295423441 0.0518591060347129
"NA19239.1.G12" 0.146157800798293 0.0870532295897641 0.0925081740330164 0.398323745830941 0.275957049747986
"NA19239.1.H01" 0.0720741857894672 0.125166690435985 0.164909089670134 0.242135058502296 0.395714975602118
"NA19239.1.H02" 0.205278093086188 0.120788523842587 0.465488905491768 0.20268192093967 0.00576255663978708
"NA19239.1.H03" 0.313413761838511 0.0160386565425082 0.118120466316567 0.473232228137706 0.0791948871647077
"NA19239.1.H04" 0.000406809054333761 0.0113871031676609 0.733608000881736 0.0114028823911954 0.243195204505074
"NA19239.1.H06" 0.38232329180221 0.193047638319987 0.142466484782705 0.152811816189498 0.1293507689056
"NA19239.1.H08" 0.112630479110865 0.177894724403756 0.555140933630752 0.153147761405857 0.00118610144876997
"NA19239.1.H09" 0.349756934688387 0.0706989357121111 0.189164104358489 0.389127853121231 0.00125217211978146
"NA19239.1.H11" 0.363686390238647 0.127866310448275 0.351173878760102 0.0253170428962021 0.131956377656774
