"1" "2" "3" "4" "5"
"NA19098.1.A01" 0.730842409470072 0.190504463252319 0.0770589824953024 0.000101572330321366 0.00149257245198506
"NA19098.1.A02" 0.825084151791117 0.0936941666446115 0.0797586955548403 0.000996511198781964 0.000466474810649475
"NA19098.1.A03" 0.720980397284692 0.150353901088009 0.128173433414512 0.000176672926880172 0.000315595285906825
"NA19098.1.A04" 0.719707117642242 0.168737042078895 0.109700894786186 0.000171575552063164 0.00168336994061347
"NA19098.1.A05" 0.79482411072139 0.132577524810461 0.070255213618935 0.000773519864272035 0.00156963098494234
"NA19098.1.A06" 0.831230108804482 0.0922622784980806 0.0747838428509759 0.000206149595540247 0.00151762025092087
"NA19098.1.A07" 0.799774971408868 0.11267621666623 0.0871732214094311 0.000226642203598424 0.000148948311873098
"NA19098.1.A08" 0.866260887740324 0.0894721195278512 0.043129333787188 0.000125684686962203 0.00101197425767502
"NA19098.1.A09" 0.833674269874179 0.0717858687755325 0.0918319421031139 0.000181765237369851 0.00252615400980432
"NA19098.1.A10" 0.861379129247343 0.0858041912132112 0.0511961402312777 0.000118990749129511 0.00150154855903843
"NA19098.1.A11" 0.780391300705672 0.138778824781004 0.0749485642683013 6.36828740265133e-05 0.00581762737099592
"NA19098.1.A12" 0.862909671369045 0.079982691253272 0.0551455234972724 9.04729999409976e-05 0.00187164088046977
"NA19098.1.B01" 0.886167759393145 0.0700679967370324 0.0432944007888032 0.000108949485056014 0.000360893595963923
"NA19098.1.B02" 0.834248423840524 0.0812306700205413 0.081335632527392 0.000231044666061738 0.00295422894548085
"NA19098.1.B03" 0.730309932582081 0.194023499065066 0.0722456560537953 0.000117454224794719 0.00330345807426286
"NA19098.1.B05" 0.835613434603246 0.111849026318335 0.0516401224134201 0.00043743953025874 0.000459977134741033
"NA19098.1.B06" 0.781504996635627 0.159923200910396 0.0556311620924858 0.000137633296511962 0.00280300706497889
"NA19098.1.B07" 0.878506156077947 0.0700501028833724 0.0506715025616097 0.00042897030993019 0.000343268167140098
"NA19098.1.B08" 0.872315769421498 0.0821309465135235 0.0339938671729376 7.58895038418211e-05 0.0114835273881993
"NA19098.1.B09" 0.741491447515233 0.166785371350315 0.0838794699114102 7.60475628720791e-05 0.00776766366016954
"NA19098.1.B10" 0.551091788668153 0.241319465442492 0.207003254163747 0.000189101558634943 0.000396390166972645
"NA19098.1.B11" 0.750006226494326 0.164734266915471 0.0851137987691006 5.64803607726585e-05 8.92274603297561e-05
"NA19098.1.B12" 0.868765334667157 0.0832919550966612 0.0465122073829897 8.70537323171261e-05 0.00134344912087456
"NA19098.1.C01" 0.851831648426202 0.0882604493338814 0.0558531958328193 7.22604552953206e-05 0.00398244595180242
"NA19098.1.C02" 0.866650486676004 0.0914352990896651 0.0402766211673181 0.000161898140645055 0.0014756949263681
"NA19098.1.C03" 0.795260854630021 0.132438666319398 0.0685942248677672 0.000134662727085453 0.00357159145572791
"NA19098.1.C04" 0.789883952599424 0.132707163152706 0.0771736348834335 9.58878539214922e-05 0.000139361510514719
"NA19098.1.C05" 0.780071429088018 0.164967937153847 0.054121428474104 0.000701395004327602 0.000137810279703466
"NA19098.1.C06" 0.811879692937542 0.153627538368386 0.0329568032907468 0.000422661671751946 0.00111330373157416
"NA19098.1.C07" 0.852454348140203 0.0958439566663369 0.0439927735037845 0.000172281212586958 0.00753664047708896
"NA19098.1.C08" 0.748475206250187 0.159397722488216 0.0915972080498428 0.00017751783544273 0.000352345376311577
"NA19098.1.C09" 0.807746606782635 0.119855040393532 0.071564553705107 8.2161082596133e-05 0.000751638036129416
"NA19098.1.C10" 0.879119922933709 0.069774115415086 0.0498907911608626 0.000115746407236224 0.00109942408310625
"NA19098.1.C11" 0.852412297024024 0.110382667384487 0.0355388798303387 8.96966892100599e-05 0.00157645907194038
"NA19098.1.C12" 0.717510837939358 0.197658015454845 0.0793022055223777 9.84779743517675e-05 0.00543046310906766
"NA19098.1.D01" 0.744986760719618 0.1857305455942 0.0685578549619053 0.000133288506720802 0.000591550217556208
"NA19098.1.D02" 0.821535998843173 0.130843242983759 0.0458045160011708 0.000163939410647277 0.00165230276125005
"NA19098.1.D03" 0.870699087966267 0.0712821169406432 0.0549804706253073 7.23126628020215e-05 0.00296601180498077
"NA19098.1.D04" 0.829090231840598 0.119832758465066 0.0506761434095449 0.000173607348334538 0.000227258936456106
"NA19098.1.D05" 0.670613028532546 0.222691253749464 0.106484913141622 7.23884858227132e-05 0.000138416090544952
"NA19098.1.D06" 0.864341883957569 0.095853173125347 0.0397202472034914 3.17748758192664e-05 5.29208377733131e-05
"NA19098.1.D07" 0.470112152536176 0.401616731166746 0.127119131803299 0.00010780882114941 0.00104417567262903
"NA19098.1.D08" 0.792253361742101 0.151725018774803 0.0521700611639364 0.000190670159884092 0.00366088815927547
"NA19098.1.D09" 0.748695788596499 0.163797458057952 0.080127169156382 6.40217843654792e-05 0.00731556240480201
"NA19098.1.D10" 0.831744757731766 0.102434889873339 0.0603243989481399 0.000105721215588833 0.00539023223116573
"NA19098.1.D11" 0.717405403450296 0.172081984333193 0.109099680569191 0.00114804076717373 0.000264890880146784
"NA19098.1.D12" 0.889243936272517 0.0647980944968384 0.0452895220652431 0.000402540804834432 0.000265906360567222
"NA19098.1.E01" 0.799154043227995 0.109488390907728 0.0882088591428367 0.00013712054791222 0.00301158617352766
"NA19098.1.E02" 0.830118797308048 0.120951033273335 0.0457518766507835 0.000151330658758009 0.00302696210907539
"NA19098.1.E03" 0.857905323529057 0.0916263867475553 0.049381211936053 9.67506475096033e-05 0.000990327139825356
"NA19098.1.E05" 0.790425497091386 0.110849740874991 0.0967542912024438 0.000400651188946316 0.00156981964223262
"NA19098.1.E06" 0.818127655899551 0.122300120140294 0.056494854720429 0.000122615285878878 0.00295475395384759
"NA19098.1.E07" 0.708633897829281 0.222523134471236 0.0679698238307748 0.000608829108403279 0.000264314760305711
"NA19098.1.E08" 0.867148804064967 0.0936131058052573 0.0382851846178913 8.71395047633007e-05 0.000865766007120843
"NA19098.1.E09" 0.810832969126282 0.118846542611933 0.0588898067156781 8.42857151638911e-05 0.0113463958309423
"NA19098.1.E10" 0.853103707896731 0.0915316162477799 0.0522094778306092 6.98906900047408e-05 0.0030853073348758
"NA19098.1.E11" 0.762534877497999 0.193438513308898 0.0389961315855656 0.000520636693596363 0.0045098409139402
"NA19098.1.E12" 0.803976782459052 0.109757996285078 0.0858107666120775 0.000304745020286012 0.000149709623505859
"NA19098.1.F01" 0.773656898022657 0.164618828479686 0.049393536254414 0.000131247143343477 0.0121994900998992
"NA19098.1.F02" 0.884552064275951 0.067923802755836 0.0470751642294383 7.6183033906616e-05 0.000372785704868403
"NA19098.1.F03" 0.867998194398682 0.082738647097443 0.0491227317987305 4.81035684351754e-05 9.23231367096721e-05
"NA19098.1.F04" 0.658634984070657 0.185390519060364 0.155853104399447 4.78824691253531e-05 7.35100004063258e-05
"NA19098.1.F06" 0.508228235653713 0.336282069173437 0.154724151417287 0.000214311610569027 0.000551232144994434
"NA19098.1.F07" 0.723451530946266 0.17859502062086 0.096482283791227 0.00019191067499479 0.00127925396665251
"NA19098.1.F08" 0.781926271387572 0.140159635705003 0.0755248427057895 0.000202114922400809 0.00218713527923401
"NA19098.1.F09" 0.835610796628862 0.0758654872173553 0.0770679147523908 8.20210110881338e-05 0.011373780390304
"NA19098.1.F10" 0.87735433503277 0.0636311037827608 0.0589483020661957 2.64103088512169e-05 3.98488094227311e-05
"NA19098.1.F11" 0.851041307199503 0.0954358335275296 0.0530602107404058 0.000226648610165952 0.000235999922395993
"NA19098.1.F12" 0.789082195936658 0.137701915849934 0.0646976814558199 0.000129538496562941 0.00838866826102445
"NA19098.1.G01" 0.739529356667847 0.173960221794093 0.0859778568974211 0.000114220933035099 0.000418343707604314
"NA19098.1.G02" 0.844180193199128 0.0737432152029065 0.0819075771561901 8.45013261799122e-05 8.45131155957294e-05
"NA19098.1.G03" 0.732944302471641 0.183358118866533 0.0819713182168889 0.000939717930906607 0.000786542514030052
"NA19098.1.G04" 0.798829957047123 0.127747367671966 0.0712918401019347 0.00028310281016911 0.00184773236880803
"NA19098.1.G05" 0.836997486111936 0.108351539474073 0.0535500710734617 0.00015343165401152 0.000947471686517956
"NA19098.1.G06" 0.803685416958207 0.123664811970917 0.070619377416652 0.00084798231660153 0.00118241133762231
"NA19098.1.G07" 0.757326357312483 0.176941291795843 0.063496476183035 5.47530444390418e-05 0.00218112166419996
"NA19098.1.G08" 0.803412430266872 0.0930636460271505 0.100291958396425 0.000569380054493108 0.00266258525505898
"NA19098.1.G09" 0.815932628754374 0.106689042557415 0.0765769942879173 0.000360275035463637 0.000441059364829442
"NA19098.1.G10" 0.849940494221927 0.0813254305291247 0.0685891950267233 4.93113233192807e-05 9.55688989053839e-05
"NA19098.1.G11" 0.861499151396589 0.0908993164099035 0.0473131519980501 4.98457475230425e-05 0.00023853444793435
"NA19098.1.G12" 0.783744599750269 0.136840712308651 0.0791355054295277 0.00017136027637563 0.00010782223517681
"NA19098.1.H01" 0.851838416019245 0.0870991358787689 0.0602034026919819 0.000482276630234702 0.000376768779769487
"NA19098.1.H02" 0.745113555316395 0.175840735132773 0.0782780480042042 0.000412943041051558 0.000354718505575844
"NA19098.1.H03" 0.724046043253872 0.190468536338848 0.0843647141399993 0.000108705306011299 0.00101200096126952
"NA19098.1.H04" 0.814118858623109 0.116951593797652 0.0684224149010721 5.96560270159521e-05 0.000447476651150755
"NA19098.1.H05" 0.844054623221837 0.0902662129361328 0.0649929805550473 0.000342278617243185 0.000343904669740004
"NA19098.1.H06" 0.603259289229242 0.268613043180531 0.126850638017923 0.000143795437734109 0.00113323413457048
"NA19098.1.H07" 0.74981139535854 0.176154941454465 0.0738592270391022 5.18959534220448e-05 0.000122540194471043
"NA19098.1.H08" 0.58391424200294 0.220429534175998 0.194240102767932 0.000208247366022861 0.00120787368710766
"NA19098.1.H09" 0.634866040688779 0.100567222232397 0.256643576844326 0.000425892269789389 0.00749726796470858
"NA19098.1.H10" 0.818088792708463 0.0928837436804702 0.0874693761018942 8.18022384547077e-05 0.00147628527071791
"NA19098.1.H11" 0.844330168045307 0.109315621764191 0.0456086561958715 0.000182488643616798 0.000563065351013605
"NA19098.1.H12" 0.740644670526143 0.168179271627847 0.0884551101215425 0.000453162112619309 0.00226778561184829
"NA19098.2.A01" 0.034591375313318 0.262584809002761 0.702718919533814 3.88965925543409e-05 6.59995575527749e-05
"NA19098.2.A02" 0.546045134759462 0.0508995443836247 0.402676865048174 0.000172836314812349 0.00020561949392674
"NA19098.2.A03" 0.543561342525619 0.0496455293831621 0.406682995438626 4.90410604505876e-05 6.10915921417915e-05
"NA19098.2.A04" 0.581346231628355 0.0132969063177702 0.405302502497335 1.98772861598868e-05 3.44822703798496e-05
"NA19098.2.A05" 0.673490237091314 0.0561882734646341 0.270154257325341 8.44068388943134e-05 8.28252798170439e-05
"NA19098.2.A06" 0.0236786276506637 0.117982468869223 0.858156296064957 5.71300403166117e-05 0.000125477374839631
"NA19098.2.A07" 0.636114175764065 0.051284773552547 0.312476839669858 6.20639051486776e-05 6.2147108380512e-05
"NA19098.2.A08" 0.55135326662587 0.0116602645127569 0.436908169112481 2.82797440059888e-05 5.00200048864539e-05
"NA19098.2.A09" 0.0950550753666764 0.0852607775692108 0.819006827562636 0.000109008647788637 0.000568310853688481
"NA19098.2.A10" 0.492230825467207 0.0703309366835871 0.436874756742413 0.000471838393658868 9.16427131339544e-05
"NA19098.2.A11" 0.540413087674964 0.018519934941913 0.441002452893723 2.31381054513943e-05 4.13863839487113e-05
"NA19098.2.B01" 0.0278450981887954 0.0922042153517075 0.879719567491347 8.1941834647454e-05 0.000149177133502119
"NA19098.2.B02" 0.584533813532328 0.0593561739288182 0.35590422316762 4.8200878363329e-05 0.000157588492870333
"NA19098.2.B03" 0.589953446473812 0.0587278551418615 0.350732454817784 5.43828282377858e-05 0.00053186073830395
"NA19098.2.B04" 0.512367295152115 0.0105406132828382 0.476726972358358 0.000295724657539996 6.93945491485135e-05
"NA19098.2.B05" 0.574775282726481 0.0276905782380439 0.397424844843397 3.50630026676678e-05 7.42311894102639e-05
"NA19098.2.B06" 0.612512330687001 0.0421598141004824 0.345015497678057 0.000233019053280597 7.93384811791205e-05
"NA19098.2.B07" 0.552130354170983 0.0391254545179103 0.408131010499152 7.55404633363028e-05 0.000537640348618832
"NA19098.2.B08" 0.611890677983167 0.0422462414656361 0.345791600601462 2.76266888255881e-05 4.38532609097274e-05
"NA19098.2.B09" 0.569849864513118 0.0459809070670027 0.383863680188875 4.50655683565628e-05 0.000260482662647884
"NA19098.2.B10" 0.636747503250488 0.0278883701804836 0.335301208581243 2.6720072862747e-05 3.6197914922691e-05
"NA19098.2.B11" 0.0395696487133238 0.13145102008605 0.827595830878226 0.000125773336991938 0.00125772698540797
"NA19098.2.C01" 0.534709436648772 0.1055819117593 0.359312013972115 6.3968075129449e-05 0.000332669544683799
"NA19098.2.C02" 0.421206152728399 0.044254707732025 0.534452289529036 3.07893360478203e-05 5.60606744925827e-05
"NA19098.2.C03" 0.428684114256735 0.0427279895822872 0.528503160887879 3.1107732843856e-05 5.36275402556118e-05
"NA19098.2.C04" 0.0354617464737612 6.43883313327696e-05 0.964323081229562 5.704714451283e-05 9.37368208309232e-05
"NA19098.2.C05" 0.471893002699075 0.0533235427795431 0.474579230528799 0.000111379007092474 9.28449854908253e-05
"NA19098.2.C06" 0.490159364974655 0.159721657775076 0.349991603621717 4.06488803764582e-05 8.67247481760056e-05
"NA19098.2.C07" 0.560148024703487 0.0901211558821661 0.349654190106196 3.39388518165813e-05 4.26904563342667e-05
"NA19098.2.C08" 0.485840760359952 0.0285124187749595 0.485401587766012 8.82802062871607e-05 0.000156952892788951
"NA19098.2.C09" 0.0759148768753977 0.171045561498727 0.752596393478311 8.63757236030234e-05 0.000356792423961591
"NA19098.2.C10" 0.456269901078457 0.0546241546056075 0.489001793138719 3.7818212010331e-05 6.63329652063638e-05
"NA19098.2.C11" 0.507762936683476 0.0143317725889812 0.477835341065935 2.79159784706739e-05 4.20336831370503e-05
"NA19098.2.C12" 0.500802073846059 0.00116594537065284 0.497912947762179 5.43484201732376e-05 6.46846009357241e-05
"NA19098.2.D01" 0.4793324281341 0.0537508599540546 0.465892734539609 0.000881741796734579 0.000142235575502088
"NA19098.2.D02" 0.217984975949363 0.0820756145460978 0.699840146435242 3.91044573044991e-05 6.01586119930031e-05
"NA19098.2.D03" 0.252788157235637 0.0723240577654355 0.674826906008984 2.31498523057635e-05 3.77291376383089e-05
"NA19098.2.D04" 0.465067790305957 0.115182387834731 0.419677972350733 3.00067482093753e-05 4.18427603698733e-05
"NA19098.2.D05" 0.594346686541573 0.046488490459035 0.359091219133099 2.91858087628914e-05 4.4418057530083e-05
"NA19098.2.D06" 0.560408661458854 0.0653352529639187 0.374135201663014 4.40076131851041e-05 7.68763010285799e-05
"NA19098.2.D08" 0.55755476070569 0.0591850389926048 0.382502540269141 9.79397367199673e-05 0.000659720295843787
"NA19098.2.D09" 0.0132230032974845 0.153043200508323 0.832720071784046 9.5700742486819e-05 0.000918023667660484
"NA19098.2.D10" 0.469059772308078 0.0827016897820822 0.448046300689863 5.80859332581434e-05 0.000134151286718638
"NA19098.2.D11" 0.558879056181144 0.0558515198004627 0.38519340840153 3.14870386407844e-05 4.45285782232003e-05
"NA19098.2.D12" 0.559867409528651 0.0283634565393124 0.411265753186014 0.000349562143486675 0.000153818602536214
"NA19098.2.E01" 0.53796343887308 0.0356603673393058 0.426297864767137 3.60894432797641e-05 4.22395771969238e-05
"NA19098.2.E02" 0.559726966017443 0.0217206336558423 0.418273256752311 8.47080388825733e-05 0.000194435535521198
"NA19098.2.E03" 0.535956528081198 0.0192295196356457 0.444395398946344 0.000124958679522454 0.000293594657289609
"NA19098.2.E04" 0.0359599337005118 0.116704958269209 0.847203318947373 4.7652100002749e-05 8.41369829032708e-05
"NA19098.2.E05" 0.425912079029734 0.0474817426653142 0.526542987953187 2.39872579333982e-05 3.92030938314536e-05
"NA19098.2.E06" 0.478386462324756 0.0141126049381271 0.506694734836705 0.000552889388776119 0.000253308511636251
"NA19098.2.E07" 0.244119917413603 0.118475886375642 0.637196211245401 7.53305690157329e-05 0.000132654396338401
"NA19098.2.E08" 0.619428785533496 0.0803599013812733 0.300122785980757 3.38801961270475e-05 5.46469083473217e-05
"NA19098.2.E09" 0.614671004175381 0.00638712056329662 0.378781510273434 5.19876478527078e-05 0.00010837734003497
"NA19098.2.E11" 0.61084682329991 0.0446202102741523 0.344474084649368 2.50498273221703e-05 3.38319492480938e-05
"NA19098.2.E12" 0.451862796318041 0.0646237389764223 0.483075119963946 0.000324771761624828 0.000113572979965114
"NA19098.2.F01" 0.0503366468377988 0.139166162630949 0.810256131858556 6.96273124623586e-05 0.000171431360233881
"NA19098.2.F02" 0.556971962337249 0.0364700995764764 0.406389541274532 0.000101062438332513 6.73343734095865e-05
"NA19098.2.F03" 0.551048805288177 0.0347225573289003 0.414167959175419 2.64364573419386e-05 3.42417501619033e-05
"NA19098.2.F04" 0.49163578710582 0.121441748641788 0.38683152014461 2.88034117829866e-05 6.21406959985648e-05
"NA19098.2.F05" 0.607607487766513 0.0284587874005476 0.363867138609014 2.36354775342488e-05 4.29507463913222e-05
"NA19098.2.F07" 0.575443575242524 0.0594256206663319 0.362537949826756 8.14747267674151e-05 0.00251137953762065
"NA19098.2.F08" 0.527808099568169 0.0441658469813474 0.427516180779384 0.000369471019062157 0.000140401652037154
"NA19098.2.F09" 0.561665184075418 7.35872484674536e-05 0.438164818367973 4.59176576738743e-05 5.04926504675542e-05
"NA19098.2.F10" 0.490905263303362 0.0447029297066583 0.464314569948766 3.45384321163495e-05 4.26986090974155e-05
"NA19098.2.F11" 0.0604607108311434 0.120171576451664 0.818647606762443 8.64907315923755e-05 0.000633615223156589
"NA19098.2.F12" 0.57423160867913 0.0104458999676071 0.414960368772853 0.00013766267071672 0.000224459909693243
"NA19098.2.G01" 0.0860693676575038 0.116229628117774 0.797604319567104 3.30088174732284e-05 6.36758401450015e-05
"NA19098.2.G02" 0.510892836511288 0.0343259599285125 0.454678765471922 4.93728259857055e-05 5.30652622921493e-05
"NA19098.2.G03" 0.505341371045537 0.0320385890428274 0.462504590115049 5.35394360890871e-05 6.19103604969179e-05
"NA19098.2.G04" 0.621643715247532 4.18156913273292e-05 0.378259003440429 2.22872567950665e-05 3.31783639166714e-05
"NA19098.2.G05" 0.22588540388774 0.0554343840755282 0.718522537597291 6.19522228552811e-05 9.57222165852299e-05
"NA19098.2.G06" 0.488688204357414 0.0302838547836623 0.480361691861819 8.04588904792025e-05 0.000585790106625761
"NA19098.2.G07" 0.572720773378775 0.0510090556077007 0.37604001878261 2.77290933515555e-05 0.000202423137562562
"NA19098.2.G08" 0.533315106292204 0.0671378737063477 0.39909069047027 0.000209588830701014 0.000246740700477808
"NA19098.2.G09" 0.550987433647779 0.0274944688581837 0.421456583447146 2.32951155646023e-05 3.82189313268002e-05
"NA19098.2.G10" 0.00779908755815886 7.71865247217843e-05 0.991530343177401 0.000248713728639475 0.000344669011078647
"NA19098.2.G11" 0.335088051385872 0.0675375693361609 0.597220670134316 5.64292743242662e-05 9.7279869326107e-05
"NA19098.2.G12" 0.66446237268932 0.151933066469515 0.183052768767489 0.0004570335397724 9.47585339026064e-05
"NA19098.2.H01" 0.0680852436196877 0.0737102402920673 0.857979656697091 8.90835979950203e-05 0.000135775793159249
"NA19098.2.H02" 0.420191140931741 0.0207818610954466 0.558910052768652 5.82367218349759e-05 5.87084823250581e-05
"NA19098.2.H03" 0.413483908006527 0.0223803021121862 0.564036069868412 4.4358735951176e-05 5.53612769238276e-05
"NA19098.2.H04" 0.491309671189862 0.0143824104724898 0.494212830434306 3.4606007552511e-05 6.04818957893188e-05
"NA19098.2.H05" 0.534967857357822 6.24278577413303e-05 0.464876730113412 4.45984012690101e-05 4.8386269755985e-05
"NA19098.2.H06" 0.460671041106568 0.0933924443197773 0.445553286869289 0.000297747093093672 8.54806112711399e-05
"NA19098.2.H07" 0.000174384636248762 0.0522529927567396 0.947439461187191 4.81406763551311e-05 8.502074346496e-05
"NA19098.2.H08" 0.0260712512230443 0.151032190342048 0.821773427485709 0.000211584099190145 0.000911546850008048
"NA19098.2.H10" 0.479721169427775 0.000163705508995149 0.52002025336255 3.67920015390062e-05 5.80796991407836e-05
"NA19098.2.H11" 0.513375751391018 0.0390079763105703 0.447501431418883 4.87157647645763e-05 6.61251147643672e-05
"NA19098.2.H12" 0.0679652758502374 0.140928825457009 0.790504757736218 0.000153150197105201 0.000447990759430369
"NA19098.3.A03" 0.807113538742209 0.12544470622393 0.0673443259357283 6.20173809439766e-05 3.54117171887091e-05
"NA19098.3.A05" 0.514678737323166 0.353253813996839 0.131975774727789 3.3498121656466e-05 5.81758305490864e-05
"NA19098.3.A06" 0.730382724602916 0.209194776731505 0.0603720431847068 1.80879548978204e-05 3.23675259741943e-05
"NA19098.3.A07" 0.547018696019461 0.307232546358016 0.145484263860164 5.26052867758804e-05 0.000211888475583423
"NA19098.3.A08" 0.791781033460682 0.156018314394903 0.0519425334670682 0.000178637154658535 7.94815226890288e-05
"NA19098.3.A12" 0.776739360818145 0.14215274862345 0.0810278147120951 3.31772393430306e-05 4.68986069661911e-05
"NA19098.3.B01" 0.698048178207536 0.187750012241599 0.11410480175108 3.43288465708268e-05 6.2678953214025e-05
"NA19098.3.B02" 0.564214150302765 0.280189298526903 0.155373610588978 0.000102664210853543 0.000120276370500327
"NA19098.3.B03" 0.809383431280464 0.124895415992511 0.0653540333342884 5.15257734684753e-05 0.000315593619267503
"NA19098.3.B04" 0.840458446616849 0.126667655878193 0.0327991902607809 2.4639236693812e-05 5.0068007482384e-05
"NA19098.3.B05" 0.826531507629291 0.121570760358566 0.0517396339686421 2.82550573600002e-05 0.00012984298614139
"NA19098.3.B06" 0.601304054495261 0.242506339831355 0.156062127001104 4.80461806008249e-05 7.94324916792132e-05
"NA19098.3.B07" 0.839977940811175 0.0978550919786459 0.0616888466926629 0.00038676176307779 9.13587544381464e-05
"NA19098.3.B08" 0.749496543827581 0.106087267280324 0.143585091421967 0.000313789231013943 0.00051730823911293
"NA19098.3.B09" 0.813617919379368 0.0808311916764611 0.10529827331315 3.30482444353245e-05 0.000219567386585434
"NA19098.3.B11" 0.811441043111212 0.158292972957114 0.0300897307343223 2.07019751133267e-05 0.000155551222238335
"NA19098.3.B12" 0.777015250080449 0.170422474335675 0.0521614522847417 0.000252800398179381 0.000148022900954364
"NA19098.3.C01" 0.783742695445103 0.152090477155612 0.0640872037181347 2.73610501090176e-05 5.22626310408953e-05
"NA19098.3.C02" 0.634372307467208 0.150079431691029 0.214954847677836 0.000117002686909978 0.000476410477016256
"NA19098.3.C03" 0.711385023365015 0.200526688098539 0.0875671292326746 0.000111296906155531 0.000409862397616648
"NA19098.3.C04" 0.797931976432002 0.138174437935291 0.06383570671754 1.89760212225811e-05 3.89028939444838e-05
"NA19098.3.C05" 0.798319555382049 0.143121573424368 0.0584313451639995 4.4158190775545e-05 8.33678388078161e-05
"NA19098.3.C07" 0.518412259708897 0.341103863037614 0.140286456338277 5.89003943089077e-05 0.000138520520903566
"NA19098.3.C08" 0.627302855229859 0.190726302558678 0.181822363496488 4.78403779762219e-05 0.000100638336998921
"NA19098.3.C09" 0.842215091051084 0.112259851536593 0.0454651903787962 2.04778183567901e-05 3.93892151699807e-05
"NA19098.3.C10" 0.815326091004716 0.119222994981133 0.0653705044283155 4.11346397268166e-05 3.92749461093761e-05
"NA19098.3.C11" 0.797592760639364 0.151491146857119 0.050715238212794 9.59112584978977e-05 0.000104943032224631
"NA19098.3.C12" 0.7384778232744 0.187133338840499 0.0741970916309862 8.02357905585949e-05 0.000111510463556216
"NA19098.3.D01" 0.569295918444807 0.257458865662657 0.173112591423688 4.36635889017283e-05 8.89608799450124e-05
"NA19098.3.D02" 0.631169794517797 0.276876673128666 0.0918808138259263 2.71008422965982e-05 4.56176853135318e-05
"NA19098.3.D03" 0.82294372767636 0.122249387114779 0.0542935858320738 0.000344034316527581 0.000169265060259802
"NA19098.3.D05" 0.829170715840533 0.121380521654443 0.0490025027378594 4.78111969764787e-05 0.00039844857018851
"NA19098.3.D07" 0.828307870339126 0.106239851760458 0.0653860567028367 2.29567924212712e-05 4.32644051588285e-05
"NA19098.3.D09" 0.802923767527315 0.139521337894695 0.0574993171493954 2.10357069940074e-05 3.45417216003788e-05
"NA19098.3.D10" 0.793174456942806 0.142833306310862 0.0637941701312366 0.000129565338590353 6.85012765056848e-05
"NA19098.3.D11" 0.76570497701506 0.179025602456843 0.0551432919127477 3.68462205613202e-05 8.92823947880644e-05
"NA19098.3.D12" 0.685275901262186 0.229515930758382 0.0851278896935523 2.78882277138388e-05 5.23900581664549e-05
"NA19098.3.E01" 0.802580138246799 0.129569850938781 0.0678112614383359 1.49200458829487e-05 2.38293302005597e-05
"NA19098.3.E02" 0.818434996932955 0.124666041293611 0.0568559054444537 1.62838656830675e-05 2.67724632977667e-05
"NA19098.3.E03" 0.818554094362317 0.125549954685145 0.0556927433023567 2.25271168107945e-05 0.000180680533370894
"NA19098.3.E04" 0.762866720022799 0.185112500599187 0.0519640406604294 1.93612655657836e-05 3.7377452018484e-05
"NA19098.3.E05" 0.499175069398187 0.344477347573228 0.156224181372984 3.77113937983016e-05 8.56902618033364e-05
"NA19098.3.E06" 0.571298860787076 0.308105774263497 0.120497065945576 3.21245301014859e-05 6.61744737501491e-05
"NA19098.3.E07" 0.599491901683978 0.344112521218611 0.0563342191386904 2.63805858924284e-05 3.49773728280197e-05
"NA19098.3.E08" 0.529690237178851 0.336623860351348 0.133597471834626 3.14550922687546e-05 5.69755429058667e-05
"NA19098.3.E09" 0.570610451724976 0.286969530680563 0.142330844357376 3.35445099811776e-05 5.56287271042965e-05
"NA19098.3.E10" 0.810304190738444 0.120767104388734 0.0687642592105344 4.34146016438372e-05 0.00012103106064369
"NA19098.3.E11" 0.850149560952577 0.0891457120669886 0.0600302793052925 3.66873405945063e-05 0.000637760334547514
"NA19098.3.E12" 0.783337676694696 0.127661032532202 0.0887411312593399 6.10309731411294e-05 0.000199128540621675
"NA19098.3.F01" 0.613052960488728 0.196395896631906 0.190433788913096 3.96798325560062e-05 7.76741337134964e-05
"NA19098.3.F03" 0.768215426358834 0.160795627650513 0.0708673810719964 2.89138428274694e-05 9.26510758289489e-05
"NA19098.3.F04" 0.757884919382581 0.17256724257209 0.0694782001985294 2.6871836177102e-05 4.27660106230545e-05
"NA19098.3.F05" 0.764354748493725 0.181940926536848 0.0536184711503559 2.2342889667311e-05 6.35109294036593e-05
"NA19098.3.F06" 0.771899188142215 0.159535150965685 0.0685232596825937 1.62729558846546e-05 2.61282536218499e-05
"NA19098.3.F07" 0.654605833927753 0.294139120105172 0.0510319974375933 8.284062710495e-05 0.000140207902376272
"NA19098.3.F09" 0.808254158521262 0.123529067416446 0.0680684574796397 3.09734363285188e-05 0.000117343146324154
"NA19098.3.F10" 0.789726073963148 0.155344291713224 0.0548714883154506 2.07168563914278e-05 3.74291517858583e-05
"NA19098.3.F11" 0.518456383642428 0.357890059495114 0.123560314213478 3.31062869359355e-05 6.01363620443734e-05
"NA19098.3.G01" 0.8064027400494 0.0786612250973346 0.114668706110888 5.3864433651351e-05 0.000213464308725956
"NA19098.3.G02" 0.538517349546886 0.31589548693177 0.145382127691767 7.2624478994999e-05 0.000132411350581855
"NA19098.3.G03" 0.520810594928115 0.33910907242004 0.140002997054578 2.68744564005889e-05 5.0461140866236e-05
"NA19098.3.G04" 0.561611911970573 0.323192559438848 0.115121525372493 2.350003030154e-05 5.05031877848703e-05
"NA19098.3.G05" 0.879858866000715 0.0845406124168817 0.0355411231849338 2.41569305543867e-05 3.52414669148716e-05
"NA19098.3.G06" 0.762246061744318 0.160028908767047 0.0775862481001142 2.51660335475909e-05 0.000113615354972456
"NA19098.3.G07" 0.554667940266007 0.30468603932681 0.140570838475675 2.81484929925093e-05 4.70334385151963e-05
"NA19098.3.G08" 0.577660833764991 0.300192867207052 0.122055594441699 3.75381019192296e-05 5.3166484339457e-05
"NA19098.3.G09" 0.632769236037567 0.250056488103808 0.115995586361314 6.3015092124177e-05 0.001115674405187
"NA19098.3.G10" 0.858972631080166 0.0862854507254401 0.0546707095879426 2.40867857991006e-05 4.71218206520624e-05
"NA19098.3.G11" 0.509667473892828 0.320593179595856 0.169561878585679 6.15485490987124e-05 0.000115919376538387
"NA19098.3.G12" 0.543418085118019 0.312484588450027 0.143739047513505 0.000144702573082124 0.000213576345367169
"NA19098.3.H01" 0.579288180534655 0.283161747137314 0.137226402886422 0.000119063443360254 0.000204605998248503
"NA19098.3.H02" 0.761041631700275 0.175091073784525 0.0637944004397219 2.86610473856916e-05 4.42330280920348e-05
"NA19098.3.H03" 0.789301843967688 0.148753082240181 0.0619075201847387 1.33088962274682e-05 2.42447111646019e-05
"NA19098.3.H04" 0.83436546928863 0.101857210385729 0.0627697846213373 0.000118653854606539 0.000888881849696461
"NA19098.3.H05" 0.76190381865857 0.160784527553521 0.0768596147106132 0.000135265284878209 0.000316773792417072
"NA19098.3.H06" 0.805888912863195 0.133946085255825 0.0600685964201711 3.18774596627867e-05 6.45280011460821e-05
"NA19098.3.H07" 0.56676046181301 0.225092568862091 0.207905201462345 9.39926617546288e-05 0.00014777520079885
"NA19098.3.H08" 0.560730237878783 0.273469927262765 0.165635531291257 5.52751346111437e-05 0.000109028432583699
"NA19098.3.H09" 0.637140498678429 0.234851049956561 0.127901425126297 4.25572412416131e-05 6.44689974711185e-05
"NA19098.3.H10" 0.793106592597002 0.14433043271836 0.0624583622408786 2.8034258603561e-05 7.65781851557436e-05
"NA19098.3.H11" 0.637520845317815 0.306028475760479 0.0563902330327977 2.19660941779432e-05 3.84797947298165e-05
"NA19098.3.H12" 0.818346010107832 0.123409277418849 0.0577703497236882 9.24890784349156e-05 0.000381873671196303
"NA19239.1.A01" 0.825799812322562 0.131878081940502 0.0421988111466408 3.853723114394e-05 8.47573591516012e-05
"NA19239.1.A02" 0.75774936130232 0.143541127240936 0.0985110864289945 6.52366151974452e-05 0.000133188412551942
"NA19239.1.A03" 0.819075482782599 0.124441576182966 0.0562692483095451 7.0035025756314e-05 0.000143657699133636
"NA19239.1.A04" 0.787222211981297 0.122231122793397 0.0902006055468348 8.53233184944826e-05 0.000260736359976829
"NA19239.1.A05" 0.908485361587491 0.0450395229253611 0.0463899563991475 3.06265413517695e-05 5.45325466482244e-05
"NA19239.1.A06" 0.857685288218299 0.0861805391754288 0.0546741525248953 0.00115693001600174 0.000303090065374909
"NA19239.1.A07" 0.684218470709181 0.237761260889723 0.0779095893143386 4.15927783611747e-05 6.90863083963704e-05
"NA19239.1.A08" 0.808223907505923 0.12707442139286 0.0645793906810967 5.35987912578119e-05 6.86816288625459e-05
"NA19239.1.A09" 0.78569154410596 0.173755252965958 0.0401341833745983 8.70438648804875e-05 0.000331975688603464
"NA19239.1.A10" 0.867903901812495 0.0777022167578749 0.0542986846035889 3.5513739014911e-05 5.96830870260508e-05
"NA19239.1.A11" 0.846574540563437 0.074774324714732 0.0783877105876434 0.000126303384934549 0.000137120749253427
"NA19239.1.A12" 0.802792935456782 0.112825155793342 0.0842625901603354 4.00095584475057e-05 7.9309031093284e-05
"NA19239.1.B02" 0.859820229199127 0.105959791545189 0.0339957784265805 6.57542020685522e-05 0.000158446627035533
"NA19239.1.B03" 0.809543505064091 0.144710961213729 0.0453460171083525 6.29674261676746e-05 0.000336549187659299
"NA19239.1.B05" 0.80627220691162 0.120884810387366 0.0726549029618757 7.9155802728483e-05 0.00010892393640988
"NA19239.1.B06" 0.704124726324094 0.255447829721797 0.0392251336563565 5.31789040937991e-05 0.00114913139365879
"NA19239.1.B07" 0.775417204981617 0.162700526787942 0.0608873764861512 7.86563637431455e-05 0.000916235380546548
"NA19239.1.B08" 0.900350235013292 0.0667830567624398 0.0328139991181103 2.0460411879107e-05 3.22486942786699e-05
"NA19239.1.B09" 0.897642838491655 0.0854377101530108 0.0168337005613562 3.11328943639625e-05 5.46178996135174e-05
"NA19239.1.B10" 0.701928071530493 0.238313103922575 0.0595766912746587 5.64718632627048e-05 0.000125661409010561
"NA19239.1.B11" 0.870374329275949 0.119113448285809 0.0104426627717507 2.53539092791596e-05 4.4205757211492e-05
"NA19239.1.B12" 0.909105891807387 0.0571499196562324 0.0336614708510901 3.22067901573615e-05 5.05108951328083e-05
"NA19239.1.C01" 0.793454699326662 0.150788513421103 0.0556216724242704 4.75141094347287e-05 8.7600718529009e-05
"NA19239.1.C02" 0.934520028582566 0.0460437226531038 0.0193052236925459 4.73531452613566e-05 8.36719265227638e-05
"NA19239.1.C03" 0.882647593009995 0.085210686387812 0.0320672776091545 3.40159032407909e-05 4.04270897981374e-05
"NA19239.1.C05" 0.901128104339911 0.0802983751187499 0.018508259656651 1.99243530941513e-05 4.53365315943354e-05
"NA19239.1.C06" 0.821827830094436 0.146679614429132 0.0313570100152553 5.19517561986633e-05 8.35937049782977e-05
"NA19239.1.C07" 0.637064174756295 0.267836336480299 0.0948540889877876 5.88798682922349e-05 0.000186519907326545
"NA19239.1.C08" 0.847742820364022 0.113765948221555 0.0383952751835841 3.98948961381908e-05 5.60613347011713e-05
"NA19239.1.C09" 0.914916363132448 0.0524979931539326 0.0325169533901588 2.5052661520622e-05 4.36376619402948e-05
"NA19239.1.C10" 0.879003730936406 0.0961719116506032 0.0246771880122774 4.83896479341107e-05 9.87797527788325e-05
"NA19239.1.C11" 0.730031748053511 0.221940412629792 0.0479287545655249 3.30263219427244e-05 6.60584292293635e-05
"NA19239.1.C12" 0.90006235958599 0.0820105944514811 0.0177572179293687 9.29703565723921e-05 7.68576765880781e-05
"NA19239.1.D01" 0.882084993295293 0.0951054050081194 0.0227418937259811 2.67051641207265e-05 4.10028064854135e-05
"NA19239.1.D02" 0.854481854635971 0.114665255547802 0.0307476330267909 3.66798036439446e-05 6.85769857922794e-05
"NA19239.1.D03" 0.765145403470984 0.187091401766547 0.0476661586049619 3.58703368947854e-05 6.11658206123326e-05
"NA19239.1.D04" 0.829583240908804 0.139479410473563 0.0308534330019315 2.64014547416636e-05 5.75141609597501e-05
"NA19239.1.D05" 0.776404073790109 0.200944961883319 0.0223538160168819 0.000181290215814535 0.000115858093875545
"NA19239.1.D06" 0.887981851569922 0.0959697726799008 0.0157950895675053 6.23955331662316e-05 0.000190890649505408
"NA19239.1.D07" 0.647171522157598 0.260382608486581 0.091838886196025 0.000169968754514799 0.000437014405281603
"NA19239.1.D08" 0.892690790782995 0.0856844127708794 0.0212696739624795 0.000136785789356252 0.000218336694289796
"NA19239.1.D09" 0.873259299478832 0.0973522068237205 0.029120318668011 0.00011254916349975 0.000155625865936605
"NA19239.1.D10" 0.804505353673123 0.136412713540178 0.0570572606163979 0.000588936016105942 0.00143573615419483
"NA19239.1.D11" 0.87075229178734 0.0977940129378175 0.0310871336919337 4.90626688124934e-05 0.000317498914096553
"NA19239.1.D12" 0.777452136447547 0.172453982450933 0.0499941608125818 3.87204301215393e-05 6.09998588170716e-05
"NA19239.1.E01" 0.877708091091187 0.0873235580790943 0.034899525589273 2.47071536108597e-05 4.41180868350917e-05
"NA19239.1.E02" 0.922442129199209 0.0637404134631247 0.013282237793484 0.000172586513066302 0.000362633031116055
"NA19239.1.E03" 0.858847712072622 0.0896843966260913 0.0511488298539859 0.000104275719933012 0.000214785727368094
"NA19239.1.E04" 0.866473456724604 0.0852210350872689 0.0482127294461096 3.60554239149005e-05 5.67233181022467e-05
"NA19239.1.E05" 0.712445714018576 0.127659101147179 0.159516635083464 8.76847558394276e-05 0.000290864994941615
"NA19239.1.E06" 0.826232832408106 0.119510337975834 0.0516643619378123 5.23988506368919e-05 0.00254006882761035
"NA19239.1.E07" 0.866122657299588 0.1052318735251 0.0284110582959913 4.92764899696332e-05 0.000185134389351377
"NA19239.1.E08" 0.90780636718225 0.0701738265950016 0.0218547511751467 0.000123601148708954 4.14538988928115e-05
"NA19239.1.E09" 0.889900887438375 0.0825687049533564 0.0274218947132212 4.2058276317361e-05 6.64546187295482e-05
"NA19239.1.E10" 0.82916264437787 0.120991255718888 0.0496736038621403 5.61764371587915e-05 0.000116319603942619
"NA19239.1.E11" 0.867754643460353 0.0983853991293541 0.0337663721567393 2.93195361406527e-05 6.42657174127776e-05
"NA19239.1.E12" 0.913926034706314 0.056957305522047 0.0289943312608357 4.56395882990097e-05 7.66889225042378e-05
"NA19239.1.F01" 0.863404033908271 0.100564978809881 0.0357801413745933 2.16312971102923e-05 0.000229214610143659
"NA19239.1.F02" 0.839150632700173 0.12139073768931 0.0393911033674999 2.47740831983097e-05 4.27521598182246e-05
"NA19239.1.F03" 0.821330982806636 0.1258032380197 0.052781405751458 3.13436416671e-05 5.3029780538899e-05
"NA19239.1.F04" 0.867824069865673 0.100349774848395 0.0317689243662352 2.20325820015669e-05 3.51983376948062e-05
"NA19239.1.F05" 0.599219755869075 0.298954856039457 0.101252424622132 8.16246934148105e-05 0.00049133877592197
"NA19239.1.F06" 0.858318192347034 0.112311315494714 0.0293132733069667 2.19670820365696e-05 3.52517692486848e-05
"NA19239.1.F07" 0.876412547824913 0.0969341011932787 0.0265605131852798 3.63119630801265e-05 5.65258334487903e-05
"NA19239.1.F08" 0.862043706564085 0.0997678912070137 0.0381256616724423 2.31280938096562e-05 3.9612462648895e-05
"NA19239.1.F09" 0.872112268828892 0.0995603744519698 0.0281914086138257 7.04983960722452e-05 6.54497092403789e-05
"NA19239.1.F10" 0.895536308443838 0.0619938772206704 0.0423826759567078 2.94610502629586e-05 5.76773285207987e-05
"NA19239.1.F11" 0.837347710988186 0.0864991878045508 0.0759195677702565 0.000116745039708935 0.000116788397297685
"NA19239.1.F12" 0.879551347566604 0.0621060974252085 0.0582335427889402 3.55661442948022e-05 7.34460749523915e-05
"NA19239.1.G01" 0.834867605613204 0.110116691747665 0.0545564437137714 4.68235793196542e-05 0.000412435346039474
"NA19239.1.G02" 0.822412426685525 0.128970789795855 0.0484610493560171 4.21602018801379e-05 0.000113573960721881
"NA19239.1.G03" 0.847261716121644 0.108208638573757 0.0444568182304727 2.39030864533727e-05 4.89239876724381e-05
"NA19239.1.G04" 0.809739785296103 0.102513633401358 0.0864915959631904 0.000477254520915119 0.000777730818433247
"NA19239.1.G05" 0.677492510133815 0.180124007934861 0.140312716207837 0.000273584408929606 0.001797181314557
"NA19239.1.G06" 0.835631724854712 0.087238062653855 0.0769857099489663 4.12764256878509e-05 0.00010322611677843
"NA19239.1.G07" 0.790179840546504 0.139024341645945 0.0704676341883647 0.000243171779556079 8.50118396304124e-05
"NA19239.1.G08" 0.74752245013709 0.13600742921647 0.116215903818226 9.95927784644408e-05 0.000154624049750425
"NA19239.1.G09" 0.836529048496208 0.0950300104550876 0.0683534510262696 3.24730129158341e-05 5.50170095194051e-05
"NA19239.1.G10" 0.878456612273226 0.0633855631542167 0.058050441894222 4.19374232868959e-05 6.54452550487508e-05
"NA19239.1.G11" 0.874430458647682 0.0883292364709692 0.0370317301183226 6.7844626964263e-05 0.000140730136061529
"NA19239.1.G12" 0.844744884948787 0.102480653541429 0.0525944014398889 7.56283246681852e-05 0.00010443174522761
"NA19239.1.H01" 0.815051535563117 0.136135656626314 0.0481407808164245 3.55564619425795e-05 0.000636470532202426
"NA19239.1.H03" 0.868940741039491 0.0885020490158641 0.0424970072001783 2.47778736393932e-05 3.54248708271446e-05
"NA19239.1.H04" 0.818789154633421 0.134457375598037 0.0466012835052545 7.07631854467246e-05 8.14230778409577e-05
"NA19239.1.H05" 0.827746031026705 0.0892052378710389 0.0828724574318744 7.07350332594333e-05 0.000105538637122303
"NA19239.1.H06" 0.861658443256155 0.0969735168461426 0.0412841478426 3.0446924975855e-05 5.34451301265229e-05
"NA19239.1.H07" 0.877933342899827 0.0849589445086183 0.036843310674205 8.16390534028778e-05 0.000182762863946445
"NA19239.1.H08" 0.803968714614745 0.136300555934839 0.0592314526165344 5.31443980879184e-05 0.000446132435793661
"NA19239.1.H09" 0.793172665219742 0.179653193755301 0.0269338308493031 4.21269863691379e-05 0.000198183189284565
"NA19239.1.H10" 0.894234149236116 0.0671961200564718 0.0385013044951103 2.64880251978194e-05 4.19381871040865e-05
