"1" "2" "3" "4" "5"
"NA19098.1.A01" 9.37301567609736e-06 0.529133967397792 2.56580995242321e-06 0.340933472931395 0.129920620845185
"NA19098.1.A02" 0.183123100552261 0.513784340285106 2.70391538750149e-06 0.166638988669036 0.136450866578208
"NA19098.1.A04" 5.34550476052476e-05 0.468408097842089 0.112939268296654 0.308712560309347 0.109886618504304
"NA19098.1.A05" 0.0292309938292614 0.608921092049268 0.0217111568581879 0.233433363508005 0.106703393755277
"NA19098.1.A06" 0.126453587697459 0.54883013612586 0.110596564824858 0.118118817233857 0.0960008941179657
"NA19098.1.A07" 0.137819530615813 0.530499870442247 0.000153229404648022 0.204850535773884 0.126676833763408
"NA19098.1.A08" 0.384477974822774 0.346093991741608 0.128052744240522 0.100183665939484 0.0411916232556115
"NA19098.1.A09" 1.11740497774541e-05 0.650768407484076 0.058276190580597 0.0667280196763944 0.224216208209156
"NA19098.1.A10" 0.227574373106475 0.467952775560193 0.158209545439334 0.0855842075758525 0.0606790983181456
"NA19098.1.A11" 0.0244167464961767 0.596048231284648 0.0407733433989561 0.21867151427386 0.12009016454636
"NA19098.1.A12" 0.00507773603960559 0.702389189184225 0.0823382381453009 0.115743781605024 0.094451055025845
"NA19098.1.B01" 0.265992511900476 0.551116167062683 0.0031138754005259 0.0968056969606273 0.0829717486756879
"NA19098.1.B02" 0.105987842703614 0.553189516694818 0.118039912986752 0.100289814528691 0.122492913086126
"NA19098.1.B03" 0.0741849264219173 0.433985049603383 0.075079829636056 0.334976247137026 0.0817739472016175
"NA19098.1.B05" 0.0354325284981275 0.644890497453404 0.0881723376481312 0.144614070849122 0.0868905655512149
"NA19098.1.B06" 0.00184293042487962 0.62887687689583 0.0161477389904877 0.274834373983852 0.0782980797049507
"NA19098.1.B07" 0.155563235233496 0.635070552963617 0.00550847886424483 0.0999028900488005 0.103954842889842
"NA19098.1.B08" 0.174853557210571 0.564994602545789 0.132524188265347 0.0817832948301886 0.0458443571481046
"NA19098.1.B09" 0.00024802547626851 0.385983420973131 0.308386188528678 0.239242551477077 0.0661398135448447
"NA19098.1.B11" 9.87227187191682e-05 0.473526007419311 0.169196950658121 0.287354999531068 0.0698233196727813
"NA19098.1.B12" 0.158867076939279 0.5688938331305 0.117191922889168 0.0968108238829114 0.0582363431581405
"NA19098.1.C01" 0.105171307723321 0.656580349493444 0.0324003967759873 0.13324959914728 0.072598346859967
"NA19098.1.C02" 0.182957800766988 0.594248324322183 0.0226870386593091 0.135489011990007 0.0646178242615116
"NA19098.1.C03" 0.0671901396478328 0.590218690357594 3.36234344839634e-05 0.235097093283438 0.107460453276651
"NA19098.1.C04" 3.08082962014817e-05 0.649959037712773 9.77927628498251e-05 0.241894969038524 0.108017392189651
"NA19098.1.C05" 0.1055580604357 0.483563427284801 0.142222940122651 0.249329063523178 0.0193265086336707
"NA19098.1.C06" 0.160301487376938 0.36971744069791 0.252798964278706 0.185625611277256 0.0315564963691902
"NA19098.1.C07" 0.155737499042413 0.549430408707333 0.162646667149563 0.114703362030872 0.0174820630698188
"NA19098.1.C08" 7.89281559376453e-06 0.550997890483319 9.85374232835918e-06 0.300582523078111 0.148401839880648
"NA19098.1.C09" 1.8913734659762e-05 0.628240297239685 0.0969977821773302 0.182971519557629 0.0917714872906957
"NA19098.1.C10" 0.0829032423341082 0.70926830734283 5.04711231370339e-06 0.111282459671781 0.0965409435389678
"NA19098.1.C11" 0.182656049669411 0.520038197940825 0.150607646872199 0.142778036822907 0.0039200686946579
"NA19098.1.C12" 0.000176177795318531 0.45690481240585 0.131157228149495 0.350743528655062 0.0610182529942741
"NA19098.1.D01" 0.0184094987160301 0.554845992172465 0.00820793556474647 0.351314953201921 0.0672216203448373
"NA19098.1.D02" 0.109280263004992 0.534743099297215 0.165780114342552 0.177218616751009 0.0129779066042308
"NA19098.1.D03" 0.148886652006652 0.647347166338832 0.0169333071533161 0.114416841628163 0.0724160328730366
"NA19098.1.D04" 0.205136829236795 0.453547805586017 0.152514402645594 0.155434054208502 0.0333669083230918
"NA19098.1.D06" 0.216615493331316 0.478832580536357 0.182727368367455 0.121822213874119 2.34389075267329e-06
"NA19098.1.D08" 0.043534174477115 0.557221422241417 0.174666552798341 0.220446194599565 0.00413165588356245
"NA19098.1.D09" 4.61052888589148e-06 0.583235038768449 0.0386611358955523 0.28152196867274 0.0965772461343726
"NA19098.1.D10" 2.14422660119869e-05 0.729850709796817 0.0311521504461366 0.169666264552956 0.0693094329380783
"NA19098.1.D11" 6.77230188586869e-06 0.448191324508704 0.119655069243397 0.329473462368485 0.102673371577528
"NA19098.1.D12" 0.0749197113911731 0.744852743103612 0.00466430251981818 0.104201649546653 0.0713615934387442
"NA19098.1.E01" 2.81569352158624e-05 0.576136399056479 0.21304663948765 0.143276728426578 0.0675120760940775
"NA19098.1.E02" 0.150808249183427 0.537254415198277 0.123729659734614 0.181231371640018 0.00697630424366362
"NA19098.1.E03" 0.0714373880537345 0.665426119994922 0.104606441917719 0.121123133726317 0.0374069163073078
"NA19098.1.E05" 1.24025423353331e-05 0.667593344193576 4.00103435033458e-06 0.219098249266054 0.113292002963684
"NA19098.1.E06" 0.0836440002538454 0.581697286254076 0.100054713435415 0.179753933964545 0.0548500660921187
"NA19098.1.E07" 8.29604825699915e-06 0.460654424835904 0.080652907433586 0.409921696187566 0.0487626754946871
"NA19098.1.E08" 0.09207620559013 0.65784220285856 0.0915477225825315 0.123942476658956 0.0345913923098228
"NA19098.1.E09" 0.0482842936231912 0.605161217083934 0.13279036914121 0.164948342215209 0.0488157779364561
"NA19098.1.E10" 0.0254435960548318 0.703497943629341 0.0613401171703873 0.127626892310004 0.0820914508354352
"NA19098.1.E11" 0.222082274018742 0.457469440662851 0.0976011375509758 0.21751235741233 0.00533479035510146
"NA19098.1.E12" 0.0600502434876044 0.514156317494323 0.213235534491941 0.160519545674798 0.0520383588513337
"NA19098.1.F01" 0.0473561113403354 0.449595527279361 0.28543952650479 0.20602492161708 0.011583913258434
"NA19098.1.F02" 0.165265675001464 0.593548751854338 0.120831667584071 0.0753830798330399 0.044970825727087
"NA19098.1.F03" 0.0587937136225108 0.732939641144198 5.76189954137664e-06 0.129188889037827 0.0790719942959227
"NA19098.1.F07" 9.70454506995657e-06 0.416603928717465 0.13781404076933 0.335256373502657 0.110315952465479
"NA19098.1.F08" 0.0405993460279103 0.58093638625658 7.7445486547003e-06 0.28421331422436 0.0942432089424958
"NA19098.1.F09" 0.0161524473863916 0.699336650418458 0.0112826924031406 0.133284438125667 0.139943771666343
"NA19098.1.F10" 0.233424011024248 0.504374783152311 0.160697063376968 0.081188281907691 0.0203158605387815
"NA19098.1.F11" 0.0195529543766837 0.719415016075367 0.0438412931851488 0.141404749105549 0.0757859872572521
"NA19098.1.F12" 7.93822086127744e-06 0.649720105536482 0.0298802548819818 0.234764093422365 0.0856276079383104
"NA19098.1.G01" 4.68694857153302e-05 0.551750309667238 3.02824728798362e-06 0.353818608134888 0.0943811844648704
"NA19098.1.G02" 0.141149588574233 0.494458608092347 0.239056974147464 0.0626280514488978 0.0627067777370577
"NA19098.1.G03" 2.38152962905553e-05 0.49283069416892 0.106063772788432 0.326562328360963 0.0745193893853939
"NA19098.1.G04" 0.00355716717255853 0.659280397882731 0.00144166364940051 0.226375961065634 0.109344810229676
"NA19098.1.G05" 0.014327074340104 0.697372765459369 0.0515473585985017 0.165798089539027 0.0709547120629989
"NA19098.1.G06" 0.0690225508034312 0.5530311579066 0.126741747869359 0.205223200780841 0.0459813426397692
"NA19098.1.G07" 0.0594353475238742 0.517852178278268 0.100494203973056 0.273097817876505 0.0491204523482965
"NA19098.1.G08" 0.062410552996236 0.540130665998932 0.136541792871823 0.139695783255451 0.121221204877559
"NA19098.1.G09" 0.0200405501963516 0.626519770925687 0.078995271379896 0.160562315192299 0.113882092305767
"NA19098.1.G10" 0.126389864731935 0.56550968291985 0.11680522288495 0.11691731425598 0.0743779152072855
"NA19098.1.G11" 0.235035675069537 0.493603528639953 0.134839968196708 0.121179774913557 0.0153410531802456
"NA19098.1.G12" 1.9764427068918e-05 0.620316872787354 2.02124626474325e-05 0.253321875817188 0.126321274505741
"NA19098.1.H01" 0.17738257751407 0.568033125307967 0.0475207647733091 0.129271468211579 0.0777920641930754
"NA19098.1.H02" 0.040229274973201 0.48578728194962 0.0646341044954505 0.319589656392677 0.0897596821890514
"NA19098.1.H03" 7.32412802570898e-06 0.518340636757631 0.0257683520021875 0.33402304275665 0.121860644355506
"NA19098.1.H04" 0.0712315825364974 0.612300453587289 0.0158428051668091 0.199714849768385 0.10091030894102
"NA19098.1.H05" 0.0118290858364408 0.730619307331478 1.40653823971795e-06 0.153332778883574 0.104217421410268
"NA19098.1.H06" 4.57675799521938e-06 0.0598189227556399 0.319132907245223 0.533073958708448 0.0879696345326944
"NA19098.1.H07" 2.05043566828011e-05 0.532511393942956 0.0824580077029424 0.283032372177264 0.101977721820155
"NA19098.1.H10" 0.195960951389426 0.358081219189174 0.266985237963258 0.120431002027834 0.0585415894303082
"NA19098.1.H11" 0.128489566208958 0.556534753894304 0.122956261827835 0.151914201295232 0.0401052167736715
"NA19098.1.H12" 3.35178361754545e-05 0.53987771354455 0.0317916426910602 0.338214640433387 0.0900824854948269
"NA19098.2.A05" 0.0921413272720241 0.456085773098891 0.199240567108063 0.147826192641049 0.104706139879973
"NA19098.2.A07" 0.14925342172043 0.313252051186646 0.284604190170728 0.129072432326801 0.123817904595395
"NA19098.2.B03" 0.103825174315649 0.382188158267526 0.178064050645116 0.17519553644915 0.16072708032256
"NA19098.2.B06" 0.077809707701383 0.393306830590284 0.306204023483054 0.110663328840421 0.112016109384858
"NA19098.2.B08" 0.123407391333846 0.378145996211118 0.221572295986089 0.130500976391374 0.146373340077573
"NA19098.2.B10" 0.0827967029903722 0.435053303849962 0.222358331687122 0.0999300417481565 0.159861619724387
"NA19098.2.C01" 0.061349624622424 0.323046681714033 0.242366108869487 0.251340249706891 0.121897335087164
"NA19098.2.C06" 9.35569348914074e-06 0.384805261742255 0.148238798749401 0.321350082102668 0.145596501712187
"NA19098.2.C07" 0.0644392506034519 0.408402735516537 0.177090248209885 0.219989170552009 0.130078595118117
"NA19098.2.E08" 0.0156370288051966 0.44462779164914 0.268671593320761 0.17025269163508 0.100810894589823
"NA19098.2.E11" 0.123936714220817 0.360509400435698 0.283209142739197 0.12239635188881 0.109948390715478
"NA19098.2.F04" 6.61972598390985e-06 0.372972369406847 0.195546267459305 0.269079808125239 0.162394935282625
"NA19098.2.F07" 0.0451154643620939 0.432664132113865 0.203746090467128 0.173971720177747 0.144502592879166
"NA19098.2.G08" 2.89294912907949e-05 0.407116314949762 0.229577346384854 0.191021551796789 0.172255857377305
"NA19098.2.G12" 0.0555257265706077 0.323797730696388 0.37335113155728 0.185826551830931 0.0614988593447927
"NA19098.3.A03" 0.289767768115084 0.302507529627927 0.268102309708843 0.0991757398618694 0.0404466526862767
"NA19098.3.A06" 0.150116124814177 0.318480809519074 0.205081801151435 0.280494412894861 0.0458268516204537
"NA19098.3.A08" 0.263306258760826 0.350616199319893 0.158891302140705 0.190580752686898 0.0366054870916782
"NA19098.3.A12" 0.09363445017438 0.428175552504976 0.24525174492789 0.145673440954498 0.0872648114382562
"NA19098.3.B01" 0.155191581645009 0.166023384327741 0.332188013290995 0.252539973951835 0.0940570467844195
"NA19098.3.B03" 0.156810052007717 0.504157459283589 0.0951612377268475 0.134373045900429 0.109498205081417
"NA19098.3.B04" 0.292662811007123 0.391914118683051 0.185833775023289 0.129588496266036 7.99020499692868e-07
"NA19098.3.B05" 0.297817698877197 0.347180329164142 0.238878800760771 0.116121192299198 1.97889869153422e-06
"NA19098.3.B07" 0.126075366036701 0.573510449196522 0.107203590938266 0.0941218841008517 0.0990887097276591
"NA19098.3.B09" 0.189909588632572 0.30117314207971 0.404903723256181 9.48657587150264e-07 0.104012597373951
"NA19098.3.B11" 0.185123417898359 0.489312931212338 0.1100220246031 0.21553928593742 2.34034878308741e-06
"NA19098.3.B12" 0.198936530244388 0.347289715122887 0.276911451455445 0.176861238197473 1.06497980765238e-06
"NA19098.3.C01" 0.233172014631205 0.338617047789537 0.193387868988916 0.193151605552957 0.0416714630373845
"NA19098.3.C03" 0.0692655589561434 0.354689257835552 0.189027982256583 0.318591783965545 0.068425416986177
"NA19098.3.C04" 0.0950372650854661 0.557833900988054 0.119901914907862 0.147074708359148 0.08015221065947
"NA19098.3.C05" 0.241139125536113 0.358666518971518 0.245638082117261 0.154547790866575 8.48250853233576e-06
"NA19098.3.C09" 0.282659205568902 0.348661258499808 0.275682864429273 0.0929961252999706 5.46202045742412e-07
"NA19098.3.C10" 0.120730492844726 0.503501168748672 0.243107833053148 0.0875086850050462 0.0451518203484075
"NA19098.3.C11" 0.159041639983753 0.489767850451562 0.10374259677778 0.195440447291208 0.0520074654956967
"NA19098.3.C12" 0.113065888622482 0.394919688085278 0.169913159584112 0.292680800470545 0.0294204632375835
"NA19098.3.D02" 1.39659925410494e-05 0.0496257740046175 0.557767101467183 0.383443618658907 0.0091495398767513
"NA19098.3.D03" 0.175280961022981 0.464717558096688 0.226355980043006 0.112686773163611 0.0209587276737133
"NA19098.3.D05" 0.28377618724256 0.361863484585066 0.248343879815246 0.106015329571768 1.11878535984688e-06
"NA19098.3.D07" 0.191414746296186 0.313771339485385 0.487922773615007 0.00687605712114349 1.50834822785327e-05
"NA19098.3.D09" 0.150179081400281 0.451634110325095 0.231664372187571 0.149384151452668 0.0171382846343846
"NA19098.3.D10" 0.20343230155584 0.405933206947601 0.16900102964056 0.151089663247564 0.0705437986084354
"NA19098.3.D11" 0.105927548811045 0.444485339712083 0.202265986968632 0.237196326648635 0.0101247978596059
"NA19098.3.D12" 1.04261487218529e-05 0.437494029084529 0.0989945283558974 0.377384392498537 0.0861166239123148
"NA19098.3.E01" 0.2595926202996 0.252546034719853 0.400381631407726 0.0874781998640652 1.51370875597043e-06
"NA19098.3.E02" 0.16918984548831 0.511311166723774 0.142288092089588 0.134415612966609 0.0427952827317188
"NA19098.3.E03" 0.213725409243269 0.43145309163235 0.254024378777203 0.0847749884326161 0.0160221319145622
"NA19098.3.E04" 0.0614563505181671 0.531191311939584 0.117494329405779 0.253670292058586 0.0361877160778838
"NA19098.3.E06" 8.69543014329583e-06 0.00286816240377246 0.420796074826885 0.489175007305616 0.0871520600335829
"NA19098.3.E07" 0.0630289029828115 0.097160485775414 0.275576791502995 0.562992985105378 0.00124083463340112
"NA19098.3.E10" 0.173720918954794 0.385436645283622 0.333468153538418 0.0876492444334538 0.0197250377897127
"NA19098.3.E11" 0.132703857596184 0.584949127215779 0.165887116707571 0.0567424594571266 0.0597174390233394
"NA19098.3.E12" 0.106758082685403 0.405911295985856 0.30736877282553 0.0960116000519473 0.0839502484512634
"NA19098.3.F03" 0.196268398206305 0.303820148474214 0.326792753528027 0.167380609923111 0.00573808986834272
"NA19098.3.F04" 0.060547083820034 0.483356857822154 0.193734485951082 0.218483551364417 0.0438780210423132
"NA19098.3.F05" 0.184516214276303 0.450151741291148 0.025987017364497 0.275930898884911 0.0634141281831409
"NA19098.3.F06" 0.241499078076543 0.334929692129643 0.208423173506748 0.168138704065075 0.0470093522219905
"NA19098.3.F07" 0.0740972756234831 0.313252760159538 0.118853863408121 0.493795198455594 9.02353263358577e-07
"NA19098.3.F09" 0.159811127334285 0.419287919762643 0.317297211972315 0.0759070011120713 0.0276967398186866
"NA19098.3.F10" 0.184582459249127 0.427155162784284 0.222317311388643 0.165943376343264 1.69023468221538e-06
"NA19098.3.G01" 1.42500612373812e-05 0.613404533613076 0.233807641465416 4.36820791762376e-07 0.152773138039479
"NA19098.3.G05" 0.34724702075129 0.438368882330099 0.148320737855782 0.0660624226113477 9.36451481008744e-07
"NA19098.3.G06" 0.0800671919667889 0.466692689224843 0.182228060591224 0.194320618060254 0.0766914401568906
"NA19098.3.G08" 2.01439375959805e-06 2.50595990732838e-06 0.35526866973855 0.615125785883402 0.029601024024381
"NA19098.3.G10" 0.282761228015851 0.431554111341744 0.214306813094445 0.0502036119588614 0.0211742355890983
"NA19098.3.H02" 0.244360649730371 0.287138522885596 0.166484769871077 0.282564763744472 0.019451293768485
"NA19098.3.H03" 0.263756555067483 0.303108785114666 0.236957988827267 0.173266576934975 0.0229100940556095
"NA19098.3.H04" 0.259395969847621 0.297308788410348 0.429172482683975 0.014120715734672 2.04332338403205e-06
"NA19098.3.H05" 0.155979765073463 0.338341036380223 0.275595956443569 0.184866433946374 0.0452168081563715
"NA19098.3.H06" 0.168983024270564 0.506536108770442 0.0999166317766486 0.161953791372885 0.0626104438094599
"NA19098.3.H10" 0.118841566746094 0.44624184731931 0.262116203041336 0.146865668647707 0.0259347142455527
"NA19098.3.H11" 1.22763509056398e-05 0.368431127593464 0.0703171453340503 0.527739017059157 0.033500433662423
"NA19098.3.H12" 0.152494725644167 0.544476304669332 0.104578250633932 0.137317436670129 0.0611332823824398
"NA19101.1.A02" 0.212218440186307 0.346934222277322 0.16925610971777 0.204562750817829 0.0670284770007714
"NA19101.1.A03" 0.407899611386625 0.250918704958985 0.21927206887402 0.121906930759701 2.68402066845587e-06
"NA19101.1.A04" 0.104303460789524 0.51931962849077 1.4146040660649e-05 0.305866027088132 0.0704967375909138
"NA19101.1.A05" 0.293106095505041 0.363897240040933 0.184821623117074 0.138133658652615 0.0200413826843372
"NA19101.1.A06" 0.234845046695765 0.494875637154255 0.14426164329596 0.0671368076272058 0.0588808652268145
"NA19101.1.A07" 0.408710731139037 0.254264503814391 0.255931970373502 0.0749717276105005 0.00612106706256941
"NA19101.1.A08" 0.0272745386357761 0.449923589070305 0.10313838418282 0.322223672317149 0.0974398157939503
"NA19101.1.A09" 0.364168805094729 0.278036821691758 0.326727212826018 0.0269162904983657 0.00415086988912974
"NA19101.1.A10" 0.145975754634219 0.599007678940755 0.0475272092409778 0.149648909495636 0.0578404476884121
"NA19101.1.B02" 0.310885883327872 0.286388026186338 0.354246652473331 0.0435777531227718 0.00490168488968638
"NA19101.1.B03" 0.133201827391036 0.63139682850942 0.0793715673108216 0.0637900201827676 0.0922397566059552
"NA19101.1.B04" 0.181114882063378 0.534263380208847 0.139686460378543 0.128469185908212 0.0164660914410198
"NA19101.1.B05" 0.176500083089738 0.441180045748758 0.184902933726041 0.146701364366185 0.0507155730692779
"NA19101.1.B07" 0.298624178633589 0.269698025548255 0.280831792159789 0.135351525474001 0.0154944781843662
"NA19101.1.B08" 0.302545621564967 0.24653528660132 0.315846122354118 0.109152174538782 0.025920794940813
"NA19101.1.B09" 0.382152074071408 0.330155634131845 0.171511727785318 0.11225135129006 0.00392921272136977
"NA19101.1.B10" 0.276140368294378 0.490760625899535 0.115393950103339 0.117703820399794 1.23530295295061e-06
"NA19101.1.B11" 0.221171172840457 0.436592608414074 0.221731610803903 0.109328508554043 0.0111760993875225
"NA19101.1.B12" 0.128598194950099 0.563913488079636 0.099949310820046 0.136709797057709 0.0708292090925105
"NA19101.1.C01" 0.15732419367924 0.364171521395668 0.271999262630264 0.15023528068258 0.0562697416122469
"NA19101.1.C02" 2.45819157845039e-05 0.519625420332019 0.155071356841788 0.227734019855558 0.0975446210548504
"NA19101.1.C03" 0.308437942898233 0.410161867257911 0.142441332200933 0.119046379717789 0.0199124779251342
"NA19101.1.C04" 0.0419459811091288 0.562372845713626 0.111846313725478 0.208456909304705 0.0753779501470628
"NA19101.1.C05" 0.215666904693034 0.278731461091833 0.230819989073585 0.274296990391044 0.000484654750502924
"NA19101.1.C06" 0.256091019220765 0.404238856001404 0.249658257712096 0.0900110778690682 7.89196667177107e-07
"NA19101.1.C07" 0.266101779983379 0.308392528061318 0.224355328112234 0.20114828037213 2.08347093840549e-06
"NA19101.1.C08" 0.208192738333818 0.348546760896702 0.278630677429617 0.164627294289698 2.5290501643308e-06
"NA19101.1.C09" 0.153754091909448 0.487815823699713 0.162553424432877 0.144094119438148 0.0517825405198148
"NA19101.1.C10" 0.200508202232262 0.460346758701909 0.207753686191273 0.121753378015394 0.00963797485916105
"NA19101.1.C11" 0.0761481292733266 0.497972358731626 0.230046845979918 0.183604893322008 0.0122277726931216
"NA19101.1.C12" 0.182762169820754 0.456678527316945 0.172512119867694 0.100851885568551 0.0871952974260551
"NA19101.1.D01" 0.00291365159183391 0.396311263757733 0.0919064755300169 0.472665667568796 0.0362029415516201
"NA19101.1.D02" 0.12378705128529 0.41934981819783 0.267108269128264 0.152791347386133 0.0369635140024834
"NA19101.1.D03" 0.291948246499567 0.411622811040212 0.120517557915718 0.149792748856037 0.0261186356884654
"NA19101.1.D05" 0.204754571247319 0.542935058298041 0.0513508592806021 0.133947300285514 0.0670122108885248
"NA19101.1.D06" 0.00122318872748484 0.493474459034603 0.108606044086683 0.373351757839504 0.0233445503117255
"NA19101.1.D07" 0.250416056161272 0.397134498364856 0.0574098565996209 0.276110629177174 0.0189289596970776
"NA19101.1.D08" 0.188047954455315 0.488657828486155 0.196810427660964 0.126482612235986 1.17716158093282e-06
"NA19101.1.D09" 0.382365474957746 0.313941995723943 0.201400836214102 0.102291180208854 5.12895354564038e-07
"NA19101.1.D10" 0.116519136996242 0.483592671036801 0.165985853177948 0.207927437104534 0.0259749016844738
"NA19101.1.D11" 0.250311490159281 0.453973167366939 0.172185347606908 0.123529339223236 6.55643636383299e-07
"NA19101.1.D12" 0.138683060940892 0.515095792601091 0.166822678040224 0.118512928863948 0.0608855395538443
"NA19101.1.E01" 0.147506175853517 0.460385823300577 0.233465720204311 0.158640245494668 2.03514692650086e-06
"NA19101.1.E02" 0.0747140914674539 0.506905371168215 0.242340071863914 0.124899773977187 0.0511406915232308
"NA19101.1.E03" 0.107354461083013 0.547821705009996 0.144766631360342 0.154199262397328 0.0458579401493216
"NA19101.1.E04" 0.133699617225423 0.504333127062861 0.252265145410989 0.109701458153452 6.52147274486559e-07
"NA19101.1.E07" 0.246083843686859 0.471356049516087 0.218493690409713 0.0479227635251525 0.0161436528621891
"NA19101.1.E08" 0.227992861591701 0.319239984186539 0.364620364442439 0.0865417318027423 0.00160505797657944
"NA19101.1.E10" 0.218337171055459 0.386525843187057 0.334138910984304 0.0609948544335611 3.22033961809773e-06
"NA19101.1.E12" 0.175196141046401 0.49387922986969 0.159839826443077 0.164142278678586 0.0069425239622464
"NA19101.1.F01" 0.103704448163809 0.504768363015646 0.163913100666373 0.152717731936186 0.0748963562179857
"NA19101.1.F02" 0.233630166339113 0.527339850215349 0.131615374949743 0.107412781792245 1.82670354983535e-06
"NA19101.1.F03" 0.254127477122255 0.453811061607859 0.189749290097908 0.102307086998527 5.08417345046921e-06
"NA19101.1.F04" 0.0810149249032946 0.457950201389736 0.15347242241234 0.284276363925815 0.0232860873688156
"NA19101.1.F07" 0.257894745387249 0.443603127744241 0.159377623151145 0.124562636363101 0.0145618673542636
"NA19101.1.F08" 0.241804413289466 0.475733464406168 0.145721001304494 0.136729708563348 1.14124365240385e-05
"NA19101.1.F09" 0.325659290810918 0.326751338832913 0.2558200940501 0.0917685350615445 7.41244524061378e-07
"NA19101.1.F11" 0.0659634240171398 0.548781267708791 0.190627763025313 0.141476751780938 0.0531507934678188
"NA19101.1.F12" 0.140778848042638 0.418531317060641 0.178966367695149 0.223882806498913 0.0378406607026581
"NA19101.1.G02" 0.125389445821154 0.352635420054645 0.293975875986007 0.21717729718869 0.0108219609495034
"NA19101.1.G03" 0.0913424355272688 0.505828817930482 0.16191025316792 0.199054951924907 0.0418635414494227
"NA19101.1.G04" 0.191407864968657 0.344827681249124 0.405603925169471 0.0581588717723509 1.65684039751956e-06
"NA19101.1.G05" 0.223636096815376 0.34239928555688 0.194293577873591 0.231462699542138 0.00820834021201558
"NA19101.1.G07" 0.130554990814219 0.498651775846332 0.210463318418627 0.0899032855583631 0.0704266293624585
"NA19101.1.G08" 0.161230623039093 0.385695746088545 0.141085802640923 0.277614961220101 0.0343728670113383
"NA19101.1.G09" 0.239091994255103 0.437810967735751 0.09370874538796 0.190540420636307 0.0388478719848782
"NA19101.1.G10" 0.131242512637296 0.475912580150105 0.226667050282858 0.131460792206133 0.0347170647236086
"NA19101.1.G11" 0.311202009442868 0.388203542076364 0.174227732229887 0.126365385611374 1.33063950719128e-06
"NA19101.1.G12" 0.271010223825629 0.368942584124639 0.268956510242714 0.0910903342293216 3.47577695778479e-07
"NA19101.1.H01" 0.287421948169239 0.377044240340255 0.21025097623862 0.125280199073149 2.63617873727255e-06
"NA19101.1.H02" 0.166435399276847 0.450995138406299 0.149511239890616 0.170916998446689 0.0621412239795496
"NA19101.1.H03" 0.325337983571735 0.216033468200697 0.36108060368879 0.0975467322439091 1.21229486856514e-06
"NA19101.1.H05" 0.205570038408958 0.434516707689994 0.229092527360158 0.124660953048874 0.00615977349201672
"NA19101.1.H06" 0.208413693586169 0.525712737546432 0.12044611413106 0.143653318333355 0.00177413640298373
"NA19101.1.H08" 0.239471369065455 0.374168152969511 0.189319881445811 0.13544602736249 0.0615945691567327
"NA19101.1.H10" 0.0459409287476439 0.537421209536153 0.33723114445378 0.0794061531773434 5.64085079241903e-07
"NA19101.1.H12" 0.149004525185925 0.48556444944279 0.241222196623853 0.0595561590039883 0.0646526697434443
"NA19101.2.A01" 0.323271393933757 3.68357236934781e-05 0.497988200100697 0.154154745123962 0.0245488251178908
"NA19101.2.A02" 0.407253029478605 0.0866465005232692 0.274424419058869 0.143523509804676 0.0881525411345799
"NA19101.2.A06" 0.245189444532769 0.202583282523546 0.397555711241066 0.141108135307061 0.0135634263955585
"NA19101.2.A08" 0.378387232920998 0.0948418265836043 0.381129193991682 0.0884940851296505 0.0571476613740651
"NA19101.2.A09" 0.490461315985446 0.0327265559429116 0.352581916375479 0.102325483756577 0.0219047279395862
"NA19101.2.A10" 0.342959059967721 0.214734770496009 0.263236996808096 0.0943341871069239 0.0847349856212501
"NA19101.2.B02" 0.405361362911978 0.148867685521579 0.25530778948846 0.184628970984834 0.00583419109314899
"NA19101.2.B03" 0.316418186944934 0.113847264444152 0.319798405131718 0.189101064335932 0.0608350791432631
"NA19101.2.B04" 1.53005930162661e-06 1.32932229915939e-06 0.540064944426788 0.415590897391458 0.0443412988001535
"NA19101.2.B06" 0.288930445839843 0.140248341208053 0.311205642456831 0.220294183487791 0.0393213870074825
"NA19101.2.B08" 0.363265496145374 0.100458218284491 0.23812287529741 0.198425263045093 0.0997281472276319
"NA19101.2.B09" 0.316220664205861 0.162169776403104 0.290642352337132 0.184123955877403 0.046843251176499
"NA19101.2.B10" 0.281324074879506 0.165076706296427 0.260191180334522 0.22801401442423 0.0653940240653147
"NA19101.2.B12" 0.355596872770137 0.0781098870973237 0.456063195573085 0.108899267787911 0.00133077677154352
"NA19101.2.C01" 0.0333992295663634 4.5266171345908e-06 0.603184792906927 0.310695312039733 0.0527161388698424
"NA19101.2.C03" 0.338840185226043 0.0276199243031797 0.384713447485568 0.207829317454854 0.0409971255303542
"NA19101.2.C04" 0.23856511444988 0.234572442473328 0.355102848851739 0.0787074372286712 0.0930521569963816
"NA19101.2.C05" 0.281321137692966 0.121554221881609 0.270839609155375 0.272219575269995 0.0540654560000553
"NA19101.2.C06" 0.282527394446724 0.264405113304562 0.255919454305481 0.16812378860228 0.0290242493409525
"NA19101.2.C07" 0.376217617934098 0.25413722173421 0.240023246568077 0.0953271270833677 0.0342947866802479
"NA19101.2.C08" 0.239503896870519 0.179902504006536 0.354746737382646 0.167551446097078 0.0582954156432214
"NA19101.2.C09" 3.90499113015191e-06 3.32418668028476e-06 0.481245180841366 0.49484774536391 0.0238998446169132
"NA19101.2.C11" 0.341453157655658 0.153854255832853 0.386225177967288 0.118466432492188 9.76052013705557e-07
"NA19101.2.D02" 0.162153009855058 0.182136749657738 0.435132855474486 0.16157233114396 0.0590050538687592
"NA19101.2.D03" 0.328983976045569 0.241089897257228 0.326165670100756 0.0577559506326532 0.0460045059637942
"NA19101.2.D04" 0.233477193913844 0.222216276168825 0.348897934387672 0.15521434310194 0.0401942524277195
"NA19101.2.D05" 0.024775319535622 0.000110947298529106 0.576817435865688 0.366460991706259 0.0318353055939016
"NA19101.2.D06" 0.138470273371944 0.260652795646376 0.299235313163365 0.250013088178417 0.0516285296398978
"NA19101.2.D07" 0.19174501713789 0.2310567712524 0.194757297568609 0.382438316679528 2.59736157366374e-06
"NA19101.2.D08" 0.258790562272198 0.333399175722405 0.234930666974552 0.148049478974565 0.0248301160562801
"NA19101.2.D09" 0.0594659496026194 0.0803479065174672 0.573716545413119 0.223433744298234 0.0630358541685603
"NA19101.2.D10" 0.219604916227358 0.0840704346851824 0.341155136047699 0.355166958113899 2.5549258614556e-06
"NA19101.2.D11" 0.328287410432151 0.191561232667259 0.321048747560851 0.111140381002986 0.0479622283367528
"NA19101.2.E01" 0.253190129983225 0.100354659196618 0.429211412618506 0.188423089170934 0.0288207090307177
"NA19101.2.E02" 0.244225440872337 0.291853604354265 0.283207231438869 0.132718415055677 0.0479953082788533
"NA19101.2.E03" 3.3949164369157e-05 0.0559281325173667 0.471067847858972 0.388698823099422 0.0842712473598703
"NA19101.2.E04" 0.356135910499215 0.125135737535643 0.332628391780525 0.18609798203899 1.97814562775848e-06
"NA19101.2.E06" 0.0938295691792114 0.158082718690457 0.385469440211855 0.330883578309328 0.0317346936091494
"NA19101.2.E07" 0.249795117013371 0.152518967959174 0.37356625886663 0.210802184975285 0.01331747118554
"NA19101.2.E09" 0.195645591563755 0.069804913292749 0.561265312130618 0.173282693644143 1.48936873531085e-06
"NA19101.2.E10" 0.205843081579159 0.400639441544686 0.222145474294669 0.111997961042472 0.0593740415390145
"NA19101.2.E11" 0.304555868986913 0.10926758612007 0.365441465026701 0.220733538574451 1.5412918650056e-06
"NA19101.2.E12" 0.34041532991784 0.312667968728075 0.278891000717233 0.030642775981382 0.0373829246554699
"NA19101.2.F01" 0.311448766206742 0.174149728147633 0.378161736079943 0.0881395403068762 0.0481002292588051
"NA19101.2.F03" 0.301212540063883 0.117807862194187 0.427767842379525 0.15321012226659 1.63309581397875e-06
"NA19101.2.F04" 0.137148677313394 0.31366598831501 0.221800904528187 0.298246357328873 0.0291380725145366
"NA19101.2.F06" 0.324376046802109 0.284002005531688 0.261116490069982 0.130504430020514 1.02757570749522e-06
"NA19101.2.F07" 0.34389479075236 0.155805425493807 0.329632011287215 0.16989943259937 0.000768339867248757
"NA19101.2.F08" 0.196276943187298 0.199138405493431 0.485643422238542 0.0922533182152755 0.0266879108654528
"NA19101.2.F09" 0.248963273719172 0.151940700239341 0.382465307038952 0.146871042808242 0.0697596761942938
"NA19101.2.F12" 0.0458841033061819 6.08768745652654e-05 0.651922471478436 0.274089168199799 0.0280433801410182
"NA19101.2.G01" 0.3525862978292 0.0573816025561857 0.394376443488248 0.168093351514373 0.0275623046119938
"NA19101.2.G02" 0.25963914924467 0.201832611867271 0.31374911015846 0.2247648548907 1.42738388982239e-05
"NA19101.2.G03" 0.204607044165793 0.120595170607621 0.350859874600765 0.2774026979949 0.0465352126309212
"NA19101.2.G04" 0.280617918056875 0.236553014186278 0.298364933794871 0.164161913256467 0.0203022207055091
"NA19101.2.G05" 0.299655159793135 0.0487332966845562 0.407412195128898 0.191614023310906 0.0525853250825042
"NA19101.2.G07" 0.265332953440003 0.122313598007671 0.298749798161596 0.297084346007831 0.0165193043828982
"NA19101.2.G08" 5.46859291744284e-05 0.00797916897719656 0.561225701814413 0.367460023753995 0.0632804195252214
"NA19101.2.G09" 0.36523410029953 0.136648265368733 0.376221112212471 0.0932926255992783 0.0286038965199874
"NA19101.2.G12" 0.236630486054387 0.220207440906618 0.351809327658209 0.169751225914548 0.0216015194662372
"NA19101.2.H01" 0.272237884248416 0.130562562156623 0.428945759764417 0.124992245210306 0.0432615486202371
"NA19101.2.H02" 0.17910576597144 0.0476816872905061 0.46143257205222 0.267711224283902 0.0440687504019312
"NA19101.2.H03" 0.355421375168781 0.109243420371741 0.459292875716383 0.060771112954138 0.0152712157889577
"NA19101.2.H05" 0.286063724133792 0.239889717967953 0.376621744240795 0.052806965950834 0.0446178477066253
"NA19101.2.H06" 0.386125350680827 0.154974494624699 0.364799830805955 0.0940960003052707 4.32358324829357e-06
"NA19101.2.H07" 0.331725374138195 0.156285688856365 0.347616452361762 0.151173611758368 0.0131988728853099
"NA19101.2.H08" 0.37098515470083 0.176255404999619 0.271531913323973 0.104546204994005 0.0766813219815728
"NA19101.2.H09" 3.49381070124521e-06 1.87824764174252e-06 0.518327687474761 0.428290782781497 0.0533761576853986
"NA19101.3.A06" 0.297382457459006 0.231417738537618 0.235352085867222 0.233703920711527 0.00214379742462633
"NA19101.3.A07" 0.148592239233195 0.192787243863787 0.279452908625363 0.354372437748283 0.0247951705293718
"NA19101.3.A10" 0.43875622164947 0.25597216097076 0.219307238100573 0.0859627667556648 1.61252353196255e-06
"NA19101.3.A12" 0.168581307937796 0.392871100695035 0.11317318252738 0.283501730420495 0.0418726784192941
"NA19101.3.B01" 0.349461175158446 0.340176604381129 0.201914008214654 0.0781591538927786 0.0302890583529921
"NA19101.3.B02" 0.424354554570358 0.286986510915919 0.261689638871231 0.0129361102760297 0.0140331853664626
"NA19101.3.B06" 0.261771687258954 0.300143499970362 0.258845755757204 0.139977684247608 0.039261372765872
"NA19101.3.B07" 0.470685183426902 0.243030262934447 0.182562574476884 0.103720903888926 1.07527284015713e-06
"NA19101.3.B08" 0.251211270534999 0.434334656895647 0.108533513361496 0.149607188807047 0.0563133704008112
"NA19101.3.B09" 0.20050956111659 0.466207101528924 0.110443787900212 0.171945453373146 0.0508940960811284
"NA19101.3.B10" 0.399762966361458 0.220509097502281 0.277532402032461 0.10219419405448 1.34004931997902e-06
"NA19101.3.B11" 0.213387030710513 0.398727341871419 0.216145733092314 0.171738187842536 1.70648321843236e-06
"NA19101.3.B12" 0.358926358105951 0.308895950803398 0.247183330637617 0.0849923407255266 2.01972750707253e-06
"NA19101.3.C03" 0.255301163198301 0.361177798268094 0.0673989166989421 0.267446088443013 0.0486760333916504
"NA19101.3.C04" 0.338191778839585 0.359920667691545 0.212932070019711 0.088953747274651 1.73617450744467e-06
"NA19101.3.C05" 0.255953090159377 0.339652517014523 0.187329160017647 0.217062095258036 3.13755041678132e-06
"NA19101.3.C06" 0.155765187645446 0.504505089799131 0.140721036717136 0.138481479315978 0.0605272065223095
"NA19101.3.C07" 0.266276756480358 0.538864809090194 0.0233639420165979 0.165403012958952 0.00609147945389765
"NA19101.3.C08" 0.228701331317241 0.494600669403017 0.0509049440550127 0.186785527659162 0.0390075275655674
"NA19101.3.C10" 0.192555486454078 0.227379537152963 0.314110094808508 0.255781271813502 0.0101736097709487
"NA19101.3.C11" 0.187312751433803 0.437436893358778 0.274317621570724 0.0841860428897286 0.0167466907469657
"NA19101.3.D03" 0.312066196699593 0.358858217936097 0.114714498582456 0.214359943472734 1.14330911965198e-06
"NA19101.3.D06" 0.238178654796001 0.425243919614069 0.199564612537382 0.127405849690435 0.00960696336211257
"NA19101.3.D08" 0.219268166383711 0.600674828720994 0.00777737719893446 0.158289369468678 0.0139902582276822
"NA19101.3.D10" 0.234689844295627 0.523583632887475 0.122744775917647 0.118979601426543 2.14547270914125e-06
"NA19101.3.D12" 0.278716707609872 0.376852246922289 0.223424766463984 0.0963124241026916 0.0246938549011629
"NA19101.3.E02" 0.254045011726337 0.477311709252153 0.123486024117591 0.104166617806969 0.0409906370969498
"NA19101.3.E03" 0.125035445632949 0.370105464125989 0.223976243832727 0.24903942531444 0.0318434210938947
"NA19101.3.E04" 0.025610755910848 0.500324391878784 0.268592517718972 0.161154721313081 0.0443176131783147
"NA19101.3.E06" 0.117907669265678 0.46986057977324 0.229791984383374 0.124011475571622 0.0584282910060869
"NA19101.3.E07" 0.354162800876227 0.274432693735919 0.304819011119828 0.0665446723412154 4.0821926810827e-05
"NA19101.3.E09" 0.275954140343503 0.316707375015534 0.289724275890793 0.117612494841665 1.71390850524196e-06
"NA19101.3.F01" 0.25412297600344 0.457191302966728 0.16881365278265 0.118605785186226 0.00126628306095594
"NA19101.3.F02" 0.261290934271027 0.339879295374702 0.303780071120511 0.0950451519550499 4.54727871009944e-06
"NA19101.3.F03" 0.347866368848485 0.194333705183409 0.424309176661895 0.0334830857491529 7.66355705803481e-06
"NA19101.3.F05" 0.207100207744511 0.590458067896904 0.00846961520442696 0.189566888181571 0.00440522097258734
"NA19101.3.F07" 0.199925616393509 0.297918446708281 0.26937998948063 0.228519550376716 0.00425639704086328
"NA19101.3.F08" 0.210986434050143 0.428950191865076 0.0961565419389805 0.196730103503298 0.0671767286425019
"NA19101.3.F10" 0.176472469420139 0.601045209156494 0.018080229438929 0.193631711074155 0.0107703809102827
"NA19101.3.F11" 0.173229355167065 0.476691359744646 0.0997510349398547 0.205398004624393 0.0449302455240409
"NA19101.3.F12" 0.295411696726799 0.454951851187499 0.132755893171455 0.0779849987852847 0.0388955601289625
"NA19101.3.G01" 0.120399719049859 0.330323733235912 0.283848760672009 0.228314447370487 0.0371133396717326
"NA19101.3.G03" 0.270851800247019 0.328522842269524 0.225844045655288 0.143870053926304 0.0309112579018654
"NA19101.3.G05" 0.1969231993816 0.475159708410102 0.127784498006235 0.161684547576236 0.0384480466258273
"NA19101.3.G06" 0.219343354200661 0.358851721848399 0.240082988375062 0.155437406901901 0.0262845286739778
"NA19101.3.G07" 0.307078433800842 0.202708705847155 0.247425454225343 0.242786513291608 8.92835051728869e-07
"NA19101.3.G08" 0.259908014377231 0.22064450646879 0.240001221096352 0.248492303115399 0.0309539549422278
"NA19101.3.G10" 0.287451077762124 0.4491005701795 0.109500996323362 0.087223282647816 0.0667240730871978
"NA19101.3.G11" 0.269922914865515 0.291622962137869 0.320531887023322 0.11613445162692 0.00178778434637408
"NA19101.3.G12" 0.30547058928249 0.355798160026541 0.19301821607743 0.0829981216215392 0.0627149129920003
"NA19101.3.H05" 0.329206731894401 0.448636274535543 0.136585434963697 0.0433508895997292 0.0422206690066299
"NA19101.3.H08" 0.274448307555317 0.409671436522056 0.130139154600945 0.106596118646428 0.0791449826752543
"NA19239.1.A01" 0.632831398862809 4.34626168298774e-06 0.204217149805893 0.142998221964805 0.0199488831048098
"NA19239.1.A03" 0.595750582959066 4.91987208443475e-05 0.148233666200631 0.17451411099891 0.0814524411205481
"NA19239.1.A05" 0.642615647094735 0.0696510811467227 0.196328675000699 0.0325087250722488 0.0588958716855944
"NA19239.1.A06" 0.594613119283909 5.26479089661953e-06 0.286871368116918 0.0897345587954677 0.0287756890128091
"NA19239.1.A08" 0.587026506096578 1.40944841389073e-05 0.133952460877172 0.193458418911317 0.0855485196307939
"NA19239.1.A09" 0.547142944017982 6.18250236152498e-06 0.181514653714988 0.254318155894228 0.0170180638704401
"NA19239.1.A10" 0.63353088184682 0.0114744882909433 0.241490651559441 0.0614480121747376 0.0520559661280585
"NA19239.1.B02" 0.531555598359673 0.0841943676629409 0.293192160795937 0.091055970989539 1.90219191014028e-06
"NA19239.1.B03" 0.609280840233336 1.10220474280815e-05 0.123094086615499 0.213835185118154 0.0537788659855828
"NA19239.1.B05" 0.497729979919371 2.92435964685855e-05 0.313904391958372 0.126013108502603 0.0623232760231863
"NA19239.1.B06" 0.427315597066162 4.65498606323105e-05 0.148053731101387 0.392360871791716 0.0322232501801021
"NA19239.1.B07" 0.49879640372527 0.0491673831330932 0.113510441461038 0.252732389188206 0.0857933824923931
"NA19239.1.B08" 0.774645792960881 0.00771422681956044 0.0942896894075773 0.0883015754224655 0.035048715389516
"NA19239.1.B09" 0.721003683902681 0.000729647078684524 0.16863076290309 0.0977559722656236 0.0118799338499205
"NA19239.1.B10" 0.417194806467472 0.0203595976039873 0.104469872231685 0.399991771573307 0.0579839521235487
"NA19239.1.B11" 0.740386126790257 6.18895496300323e-05 0.0894146185607781 0.170134952481914 2.41261742086308e-06
