"1" "2" "3" "4" "5"
"NA19098.1.A01" 0.218046494361324 0.256361432970693 0.209849048599524 0.144031114241055 0.171711909827403
"NA19098.1.A02" 0.502342421155415 0.174638082605348 0.0829359309457182 0.159839276210253 0.0802442890832657
"NA19098.1.A03" 0.280593415584851 0.274537098495554 0.145398612642599 0.197456016666007 0.102014856610989
"NA19098.1.A04" 0.252443463190476 0.231033557518679 0.167998249278899 0.211628840352929 0.136895889659016
"NA19098.1.A05" 0.34919000191624 0.182557869072485 0.169977675755713 0.200653248059251 0.0976212051963106
"NA19098.1.A06" 0.325974342160447 0.183737579002964 0.16703398872397 0.13264737734908 0.19060671276354
"NA19098.1.A07" 0.317652817368056 0.26845402823683 0.144647007377495 0.145370086160592 0.123876060857028
"NA19098.1.A08" 0.364859653165122 0.162148683954702 0.142472045764463 0.14088952678034 0.189630090335373
"NA19098.1.A09" 0.245012163485042 0.290980931910782 0.182801378756741 0.141537429044814 0.139668096802621
"NA19098.1.A10" 0.316366853622971 0.155166693591467 0.127403789141707 0.135729445819993 0.265333217823863
"NA19098.1.A11" 0.311100479388293 0.15060173915872 0.205391030532109 0.182723068508533 0.150183682412346
"NA19098.1.A12" 0.320016283854932 0.24567551090656 0.183994360844995 0.172109058512723 0.0782047858807898
"NA19098.1.B01" 0.437163509605005 0.176139220894597 0.0946190098395195 0.202372508789251 0.0897057508716269
"NA19098.1.B02" 0.307612723780335 0.216705867720098 0.181971960171478 0.228857572823698 0.0648518755043913
"NA19098.1.B03" 0.174730884933951 0.184011980236331 0.211182282088782 0.146729098329475 0.283345754411462
"NA19098.1.B05" 0.303964681475334 0.200679717287322 0.183431122438492 0.199101959900764 0.112822518898088
"NA19098.1.B06" 0.300586056517475 0.226304048242469 0.153199133828423 0.191455596109767 0.128455165301866
"NA19098.1.B07" 0.380255144866792 0.233386840098806 0.100105515622948 0.203177200806883 0.0830752986045703
"NA19098.1.B08" 0.25348839787567 0.163492512973769 0.162716151310769 0.0806944311146396 0.339608506725152
"NA19098.1.B09" 0.266005405137035 0.13773322855662 0.240891898249891 0.149464039515065 0.205905428541389
"NA19098.1.B10" 0.206909039577961 0.332452837702136 0.198721634477419 0.113417977565314 0.14849851067717
"NA19098.1.B11" 0.295778892463984 0.166907486622941 0.223035530294007 0.148881034816232 0.165397055802835
"NA19098.1.B12" 0.408587281109645 0.13961637447698 0.164005997167248 0.17311134550731 0.114679001738816
"NA19098.1.C01" 0.378493636730378 0.193096247742017 0.125760457371082 0.136167406345271 0.166482251811252
"NA19098.1.C02" 0.35152430141539 0.186787912821016 0.140694416739166 0.176405595401785 0.144587773622643
"NA19098.1.C03" 0.318362914446186 0.288213640758885 0.129483810882959 0.183273948957853 0.0806656849541174
"NA19098.1.C04" 0.280220043698829 0.216764011892536 0.165814714085546 0.191762950807547 0.145438279515543
"NA19098.1.C05" 0.297732558689108 0.214855529437956 0.196274785635546 0.0990785203193005 0.192058605918089
"NA19098.1.C06" 0.321978638199346 0.189457579952956 0.195719841714976 0.182124007785747 0.110719932346975
"NA19098.1.C07" 0.358923862326612 0.13179324769621 0.179673973030279 0.080861692630025 0.248747224316874
"NA19098.1.C08" 0.287990526643552 0.290786002751868 0.197018036938056 0.126792267210841 0.0974131664556823
"NA19098.1.C09" 0.275152442060974 0.275111781037683 0.125922774036807 0.1738611359129 0.149951866951636
"NA19098.1.C10" 0.376432936794474 0.216236487611047 0.124331076984002 0.20796770369144 0.0750317949190373
"NA19098.1.C11" 0.355581001021539 0.11244825793841 0.159545101849193 0.109840711678822 0.262584927512035
"NA19098.1.C12" 0.294159917414671 0.157992896423616 0.236769445056161 0.119142491892238 0.191935249213314
"NA19098.1.D01" 0.358441774860646 0.192524092795827 0.165387131679908 0.160019825362553 0.123627175301067
"NA19098.1.D02" 0.345283542739682 0.162485703478447 0.187481429729524 0.111876905761535 0.192872418290813
"NA19098.1.D03" 0.412834246748069 0.193585758429584 0.139788885803807 0.166206164904738 0.0875849441138021
"NA19098.1.D04" 0.362734439598598 0.108874107833267 0.174630740953676 0.128327112787148 0.22543359882731
"NA19098.1.D05" 0.224078032735971 0.333174885621448 0.145630721632748 0.159416217504429 0.137700142505405
"NA19098.1.D06" 0.427432102107507 0.104188314050831 0.125870506765209 0.138199833347227 0.204309243729225
"NA19098.1.D07" 0.0131502826108757 0.329626459845567 0.297337612553241 0.180414655736408 0.179470989253909
"NA19098.1.D08" 0.226226065672262 0.214569555580271 0.176754947147279 0.0919214215668821 0.290528010033306
"NA19098.1.D09" 0.177344111747717 0.290903909851856 0.224174354915648 0.174678920326857 0.132898703157922
"NA19098.1.D10" 0.336178217010664 0.222665280942458 0.132495233269297 0.158131895774132 0.150529373003449
"NA19098.1.D11" 0.232006385156176 0.244127388656096 0.194968101165938 0.240611346918728 0.0882867781030618
"NA19098.1.D12" 0.382608610769373 0.223220002116557 0.11165182847276 0.220046137336137 0.0624734213051741
"NA19098.1.E01" 0.264294866019324 0.219376175616271 0.176655451601696 0.206693566587461 0.132979940175249
"NA19098.1.E02" 0.342287527931337 0.144048532168652 0.16186790241406 0.194805055658153 0.156990981827798
"NA19098.1.E03" 0.385175475337858 0.215932206877072 0.152993955646492 0.162284636495795 0.0836137256427827
"NA19098.1.E05" 0.319404492357395 0.302589672146538 0.101881538717502 0.197826623615672 0.0782976731628931
"NA19098.1.E06" 0.316113035442859 0.237031502905844 0.150241400135035 0.207215067520333 0.0893989939959291
"NA19098.1.E07" 0.258170678015128 0.275554322572568 0.219383694006894 0.129789450960149 0.117101854445261
"NA19098.1.E08" 0.39951628151931 0.160197917475499 0.149413035680844 0.0928461160241752 0.198026649300172
"NA19098.1.E09" 0.314079927447648 0.142668363542591 0.180607281272995 0.125375252018974 0.237269175717792
"NA19098.1.E10" 0.332786944239264 0.226855960171195 0.148562008883439 0.160024622977986 0.131770463728115
"NA19098.1.E11" 0.330364616978397 0.128893919532014 0.143785478130116 0.120067273298847 0.276888712060627
"NA19098.1.E12" 0.407553260505221 0.0998353496960594 0.160773644340031 0.143261031745686 0.188576713713004
"NA19098.1.F01" 0.269547954076767 0.193320738960772 0.225358072964169 0.145916245050318 0.165856988947975
"NA19098.1.F02" 0.446243484036127 0.126883397028522 0.112725508740967 0.187134043038122 0.127013567156262
"NA19098.1.F03" 0.377722575840297 0.25158051204155 0.131874938722472 0.177568625533715 0.0612533478619669
"NA19098.1.F04" 0.25436083093086 0.23005063414494 0.177468292979248 0.144667499981358 0.193452741963595
"NA19098.1.F06" 0.177382408073307 0.305163105662808 0.23539118171482 0.145613576718046 0.13644972783102
"NA19098.1.F07" 0.180371812503501 0.345813561120523 0.172162688456308 0.158455460053944 0.143196477865725
"NA19098.1.F08" 0.319019293292217 0.221102496641295 0.130235393418563 0.212578496250714 0.11706432039721
"NA19098.1.F09" 0.285953933923333 0.239483151774062 0.153697822979938 0.10062512372974 0.220239967592927
"NA19098.1.F10" 0.453021842028168 0.105415051101508 0.145982784828847 0.171927649171632 0.123652672869846
"NA19098.1.F11" 0.288196821536531 0.252472376595227 0.153585718714892 0.206544164016864 0.0992009191364851
"NA19098.1.F12" 0.28138275284232 0.284809256134879 0.128640402293299 0.140437932994016 0.164729655735486
"NA19098.1.G01" 0.312766518425487 0.226074090096812 0.172027150456496 0.0979855456097845 0.191146695411421
"NA19098.1.G02" 0.360551043671192 0.208174959590278 0.130145145491859 0.184528495349471 0.1166003558972
"NA19098.1.G03" 0.191379310379027 0.23569361470131 0.199176180903019 0.203255828583542 0.170495065433101
"NA19098.1.G04" 0.294623514140251 0.201495930457479 0.122842499944579 0.188530542220812 0.19250751323688
"NA19098.1.G05" 0.317857286033991 0.227249076756666 0.143721359588618 0.169077384182575 0.142094893438149
"NA19098.1.G06" 0.264594940898562 0.173403708979257 0.134549212119243 0.151017082288715 0.276435055714224
"NA19098.1.G07" 0.279008694894699 0.235670446577647 0.176016590615828 0.083587326288158 0.225716941623668
"NA19098.1.G08" 0.295722068393539 0.230705270575577 0.144276405033968 0.188614473772538 0.140681782224378
"NA19098.1.G09" 0.242247990169764 0.272196926940935 0.15274798552892 0.214353990377904 0.118453106982476
"NA19098.1.G10" 0.350654680755695 0.151892625277478 0.119221410349407 0.100265999760385 0.277965283857035
"NA19098.1.G11" 0.353246330730154 0.167830561340772 0.0998399406086522 0.127333084408905 0.251750082911517
"NA19098.1.G12" 0.285793323442666 0.325733912209066 0.118381433082173 0.150318246845496 0.119773084420599
"NA19098.1.H01" 0.404812757859213 0.200223177102097 0.131472183181328 0.126921894408437 0.136569987448927
"NA19098.1.H02" 0.335427726357737 0.265708700052502 0.178881622651333 0.126490360704471 0.0934915902339571
"NA19098.1.H03" 0.245945352523143 0.269901318578327 0.171787623771832 0.211070132213445 0.101295572913253
"NA19098.1.H04" 0.307639995515455 0.224192347050835 0.188698147666915 0.191085245271113 0.0883842644956817
"NA19098.1.H05" 0.417763733175401 0.22760344171452 0.11652968529261 0.142126196964707 0.0959769428527629
"NA19098.1.H06" 0.124393293558855 0.274036977982554 0.256506507063554 0.190738813856091 0.154324407538947
"NA19098.1.H07" 0.214965166584082 0.291767035390436 0.193055358522716 0.198269067338793 0.101943372163973
"NA19098.1.H08" 0.144784304374679 0.3133017051842 0.211999512576062 0.202864154469011 0.127050323396049
"NA19098.1.H09" 0.0862031093616026 0.242730568513212 0.245143722969725 0.196623923528767 0.229298675626694
"NA19098.1.H10" 0.359457179987263 0.196263819102603 0.160338072796183 0.174551834003198 0.109389094110753
"NA19098.1.H11" 0.331568831455842 0.205108926873882 0.150349960657438 0.21787412661457 0.0950981543982688
"NA19098.1.H12" 0.320738001974063 0.23091701606207 0.156224113385273 0.150058655198145 0.142062213380449
"NA19098.2.A01" 0.00357756429881936 0.265613269079351 0.327313247011365 0.165151187796229 0.238344731814236
"NA19098.2.A02" 0.404761632916783 0.193243306229764 0.16022879236055 0.139421587600528 0.102344680892376
"NA19098.2.A03" 0.40341242372327 0.187705767891708 0.186085875631341 0.151895528493325 0.0709004042603562
"NA19098.2.A04" 0.405401246306716 0.208087196304858 0.111038840653647 0.173790956644428 0.101681760090351
"NA19098.2.A05" 0.375153742435444 0.186481722938379 0.117474348549951 0.090894658330581 0.229995527745646
"NA19098.2.A06" 0.142211408856311 0.270732999303083 0.236230915401514 0.197185834338626 0.153638842100466
"NA19098.2.A07" 0.411860786573352 0.121139470062022 0.13852766689722 0.112155256517512 0.216316819949894
"NA19098.2.A08" 0.399585834316966 0.155987618457984 0.143334185919569 0.159044486443941 0.142047874861541
"NA19098.2.A09" 0.0782154504007228 0.345453134407115 0.265641907703306 0.161077074506039 0.149612432982817
"NA19098.2.A10" 0.319229032498043 0.235656933890743 0.162516670591396 0.154262917241841 0.128334445777977
"NA19098.2.A11" 0.386116601286702 0.167314376444602 0.164129192054894 0.167709539410265 0.114730290803537
"NA19098.2.B01" 0.210283160943333 0.251397438059494 0.214353663700174 0.159985100019089 0.163980637277909
"NA19098.2.B02" 0.364732054216837 0.185274912334728 0.151152975523016 0.10458103539673 0.194259022528688
"NA19098.2.B03" 0.349639154686022 0.174940459818275 0.14395243929501 0.116570994314052 0.214896951886642
"NA19098.2.B04" 0.313713871939417 0.238408146648293 0.154100840963506 0.184177977081797 0.109599163366988
"NA19098.2.B05" 0.301303820631991 0.195954953020837 0.135991714035125 0.135919106289419 0.230830406022628
"NA19098.2.B06" 0.311209283236737 0.156935114345618 0.150686404805486 0.136971107337465 0.244198090274693
"NA19098.2.B07" 0.392748464239172 0.220567374976109 0.123508222276277 0.162551976734017 0.100623961774425
"NA19098.2.B08" 0.372504572591941 0.214398752803533 0.109207743036562 0.0826253685108968 0.221263563057067
"NA19098.2.B09" 0.273959137557938 0.169140699063825 0.135398491282578 0.117362900068902 0.304138772026756
"NA19098.2.B10" 0.412722551188102 0.185057862545213 0.140981760405274 0.122024513969548 0.139213311891864
"NA19098.2.B11" 0.118041789929319 0.336057369563654 0.253465873672415 0.117543323569977 0.174891643264634
"NA19098.2.C01" 0.366104728436422 0.174894538518821 0.140476017603258 0.17178179306601 0.14674292237549
"NA19098.2.C02" 0.291706375088259 0.181516155497747 0.155391584135094 0.0940522425040961 0.277333642774803
"NA19098.2.C03" 0.272073809177494 0.189813022294761 0.16934425892327 0.122588729864459 0.246180179740015
"NA19098.2.C04" 0.0983065968124541 0.25459410180103 0.276688500814799 0.216890675931204 0.153520124640513
"NA19098.2.C05" 0.385510319942381 0.179463945581819 0.169047972187582 0.123186051011838 0.142791711276381
"NA19098.2.C06" 0.240180876969689 0.233517660353597 0.191778572221547 0.150007220687578 0.184515669767589
"NA19098.2.C07" 0.360320080086523 0.209602469781984 0.138117337927752 0.110842066780973 0.181118045422768
"NA19098.2.C08" 0.308046792127435 0.145707711041685 0.198591216708278 0.214733256945387 0.132921023177216
"NA19098.2.C09" 0.0688105349550344 0.333434831604492 0.276574276740317 0.123897354204224 0.197283002495933
"NA19098.2.C10" 0.311337316299045 0.184615617461539 0.191040017709825 0.185343795199281 0.127663253330309
"NA19098.2.C11" 0.340279213829756 0.238155834085727 0.181081872812594 0.13467769625128 0.105805383020642
"NA19098.2.C12" 0.352502332036945 0.234367317886395 0.120280438967061 0.180945112429223 0.111904798680376
"NA19098.2.D01" 0.31154148043264 0.295805435900244 0.152335646919884 0.13335088449185 0.106966552255381
"NA19098.2.D02" 0.176766322511814 0.302794308931575 0.185241849515465 0.224942205162261 0.110255313878885
"NA19098.2.D03" 0.215163966049615 0.286095550994123 0.171792242396875 0.199444358868619 0.127503881690767
"NA19098.2.D04" 0.271790823737962 0.240685960130993 0.161947789821361 0.197347032460165 0.128228393849519
"NA19098.2.D05" 0.368820229470619 0.119187628552215 0.107363925105494 0.131170822033911 0.273457394837761
"NA19098.2.D06" 0.323764905536703 0.165007594832016 0.168722035938541 0.0790640644081689 0.263441399284571
"NA19098.2.D08" 0.436084746525116 0.105537187688911 0.146465383663679 0.181203031695046 0.130709650427248
"NA19098.2.D09" 0.131479304378522 0.281838504615012 0.281187646352773 0.144452962603151 0.161041582050542
"NA19098.2.D10" 0.315542769011324 0.227364223126046 0.171666794594797 0.209914910753811 0.0755113025140219
"NA19098.2.D11" 0.304832828317644 0.183119129856343 0.149161541409725 0.0543510690807344 0.308535431335553
"NA19098.2.D12" 0.289773540591671 0.229476907268904 0.109406675031538 0.15788389342712 0.213458983680766
"NA19098.2.E01" 0.430139089919583 0.168624382472663 0.167896744357315 0.190863951163397 0.0424758320870414
"NA19098.2.E02" 0.44376206086385 0.151078802715577 0.14483956695883 0.145514874471481 0.114804694990262
"NA19098.2.E03" 0.454438483007276 0.155884342015165 0.145833302507316 0.138960380982859 0.104883491487384
"NA19098.2.E04" 0.189487986897507 0.233516943069499 0.266339466946965 0.13323580209077 0.17741980099526
"NA19098.2.E05" 0.385829543331407 0.238458364597619 0.133763050648898 0.142015748250675 0.0999332931714014
"NA19098.2.E06" 0.407012242419633 0.217961808516209 0.15332969226087 0.152995256650227 0.0687010001530606
"NA19098.2.E07" 0.312808490088975 0.148982098318668 0.185492593097359 0.201874452482807 0.15084236601219
"NA19098.2.E08" 0.360628164868959 0.212247209863506 0.134031651511794 0.199706675766081 0.0933862979896595
"NA19098.2.E09" 0.414015864951388 0.19299522177619 0.0775835186010082 0.193270847200342 0.122134547471071
"NA19098.2.E11" 0.375669632211705 0.110401924199558 0.127319875670853 0.136045761381966 0.250562806535917
"NA19098.2.E12" 0.306059388814859 0.23807559318396 0.169054153716335 0.1668178933802 0.119992970904645
"NA19098.2.F01" 0.0772942961722997 0.350957954221926 0.222222112164257 0.148188484721826 0.201337152719692
"NA19098.2.F02" 0.429684192948745 0.173374404518989 0.126343909153994 0.13290896338863 0.137688529989641
"NA19098.2.F03" 0.399799537765549 0.177390252144522 0.132337460516474 0.134876693825322 0.155596055748133
"NA19098.2.F04" 0.28752705925033 0.252826868472873 0.177033837301231 0.172912419941867 0.109699815033699
"NA19098.2.F05" 0.322964628712122 0.164528058174182 0.116769037821214 0.0960695901783227 0.29966868511416
"NA19098.2.F07" 0.364296901875328 0.194659262031363 0.159236263888137 0.111492886362691 0.17031468584248
"NA19098.2.F08" 0.340091060262748 0.220412852026488 0.119182279244356 0.210727355224946 0.109586453241462
"NA19098.2.F09" 0.426885180101753 0.218316428740768 0.0699540563459411 0.203304592543586 0.0815397422679513
"NA19098.2.F10" 0.360312352006308 0.184953371709928 0.153203876033486 0.198599235810973 0.102931164439305
"NA19098.2.F11" 0.143419340026416 0.245460024260229 0.244765691898953 0.141011429828106 0.225343513986296
"NA19098.2.F12" 0.394201743986062 0.24841567987686 0.114884431527211 0.116153510035332 0.126344634574535
"NA19098.2.G01" 0.183143338172729 0.244758471890227 0.270763458500207 0.140784447196128 0.16055028424071
"NA19098.2.G02" 0.398362512469746 0.164728698523009 0.15193284088738 0.193994758370596 0.0909811897492685
"NA19098.2.G03" 0.424680894299442 0.193116680056635 0.148938579008179 0.153803312095243 0.079460534540501
"NA19098.2.G04" 0.439185304485991 0.152161219064452 0.0891806945174801 0.166702173730045 0.152770608202033
"NA19098.2.G05" 0.305830255840447 0.191223258866831 0.183475638247349 0.158509806037763 0.16096104100761
"NA19098.2.G06" 0.353694795734695 0.220341918965492 0.153139558574555 0.198729219574517 0.0740945071507408
"NA19098.2.G07" 0.259961504135502 0.237285014693573 0.142954020832203 0.124065268402939 0.235734191935782
"NA19098.2.G08" 0.348887251823974 0.214476293437433 0.163432260182162 0.175214532299801 0.0979896622566291
"NA19098.2.G09" 0.426734254475905 0.217528790385241 0.144188924660341 0.141173985401677 0.070374045076836
"NA19098.2.G10" 0.222687235910359 0.248130966402939 0.178172164203697 0.171395563439287 0.179614070043718
"NA19098.2.G11" 0.267784616871436 0.185686888744208 0.247182901211448 0.146497473124213 0.152848120048695
"NA19098.2.G12" 0.296693077444302 0.191193651145646 0.212264127531847 0.220107875386547 0.0797412684916579
"NA19098.2.H01" 0.126972709637545 0.293223192420858 0.226194193275654 0.148837859700009 0.204772044965933
"NA19098.2.H02" 0.355808132230109 0.203389254625061 0.165535796318816 0.134646687053135 0.140620129772879
"NA19098.2.H03" 0.348026494537369 0.220688830650974 0.15528027927007 0.133067432409275 0.142936963132311
"NA19098.2.H04" 0.343396482374775 0.148944797050435 0.171621776881332 0.236742901308844 0.0992940423846145
"NA19098.2.H05" 0.320430792416315 0.228643115108587 0.114047953740333 0.242486654279467 0.094391484455298
"NA19098.2.H06" 0.308098955523651 0.206099382828985 0.172190296738312 0.208861914460366 0.104749450448685
"NA19098.2.H07" 0.0545944789920626 0.338502833648126 0.171801838991508 0.27165869283751 0.163442155530794
"NA19098.2.H08" 0.16678299747644 0.239734390901808 0.261585479335461 0.160524279026073 0.171372853260218
"NA19098.2.H10" 0.375256901077468 0.15120759416915 0.128391316635698 0.121135518757875 0.224008669359808
"NA19098.2.H11" 0.27800825618412 0.279319623200382 0.143944548396032 0.192032880033254 0.106694692186212
"NA19098.2.H12" 0.108551323532525 0.262885111204614 0.212902210773258 0.235800855473941 0.179860499015661
"NA19098.3.A03" 0.356626407699388 0.244746199427764 0.121793072110067 0.161664177474876 0.115170143287906
"NA19098.3.A05" 0.126627716272683 0.275413406063157 0.220712929276576 0.166409458227204 0.210836490160379
"NA19098.3.A06" 0.288055618823364 0.229114907680251 0.186976267631357 0.190653711460533 0.105199494404495
"NA19098.3.A07" 0.174067498289334 0.249042950798932 0.254002108948006 0.165735214534906 0.157152227428822
"NA19098.3.A08" 0.332756486856601 0.143807142636137 0.165714314433435 0.140685779688349 0.217036276385479
"NA19098.3.A12" 0.399433216355536 0.184139215604589 0.141739528911292 0.14301470022875 0.131673338899834
"NA19098.3.B01" 0.303185195471946 0.274639022273398 0.134235672689703 0.182042466454395 0.105897643110559
"NA19098.3.B02" 0.153084924528791 0.280811116949146 0.180202444844699 0.240436129626848 0.145465384050516
"NA19098.3.B03" 0.310822379430884 0.269252929603969 0.143333799114284 0.1469187079715 0.129672183879362
"NA19098.3.B04" 0.385615824836904 0.125673777203539 0.135101963524997 0.151009158832105 0.202599275602455
"NA19098.3.B05" 0.422586192147148 0.121312562223009 0.128304731882905 0.116163289424429 0.211633224322509
"NA19098.3.B06" 0.194611377889772 0.297060112200147 0.204757181115891 0.147461884844257 0.156109443949933
"NA19098.3.B07" 0.370235603140257 0.2668687585967 0.113869462508039 0.103305044416673 0.145721131338332
"NA19098.3.B08" 0.311958027818178 0.229832519813931 0.190889954083629 0.141345497403272 0.12597400088099
"NA19098.3.B09" 0.362712770203429 0.207364268872803 0.115897669250775 0.214674179917994 0.0993511117549983
"NA19098.3.B11" 0.421052437633677 0.129759739141973 0.164956165766023 0.123069626505328 0.161162030953
"NA19098.3.B12" 0.351373459516559 0.168757692490005 0.183374682102869 0.10787619167338 0.188617974217188
"NA19098.3.C01" 0.387053430665828 0.208819797872531 0.0856241527140821 0.125572661862229 0.192929956885329
"NA19098.3.C02" 0.16847101723985 0.263303747806614 0.213345338657659 0.185942565696983 0.168937330598894
"NA19098.3.C03" 0.299060003447145 0.267634880083331 0.133917906853741 0.175181989938258 0.124205219677525
"NA19098.3.C04" 0.374649826173247 0.174044629060749 0.153668722214026 0.202264551855098 0.0953722706968798
"NA19098.3.C05" 0.414786011756961 0.157421405159939 0.138425371466099 0.173686737189662 0.115680474427338
"NA19098.3.C07" 0.160069586550507 0.293974707524045 0.21336459700252 0.169229849563825 0.163361259359103
"NA19098.3.C08" 0.149630710730175 0.301546791125841 0.230846968562053 0.175676865506418 0.142298664075512
"NA19098.3.C09" 0.37232265652723 0.150595081393662 0.120428145373273 0.100122542283191 0.256531574422643
"NA19098.3.C10" 0.357458481984081 0.205928334850996 0.125159062905872 0.222190121780574 0.089263998478477
"NA19098.3.C11" 0.372551581576709 0.19080253394347 0.164924166287714 0.164051258849728 0.10767045934238
"NA19098.3.C12" 0.374522288870374 0.193743915691052 0.128813096269599 0.140346277914535 0.16257442125444
"NA19098.3.D01" 0.244971874376297 0.220318366452073 0.191828129468487 0.216524268819754 0.126357360883388
"NA19098.3.D02" 0.221274333286138 0.226457772724103 0.25034929924567 0.162893882521115 0.139024712222974
"NA19098.3.D03" 0.360647868799236 0.142760950407099 0.131747444813899 0.138349848867506 0.22649388711226
"NA19098.3.D05" 0.414985475706324 0.112694695501977 0.10878124053856 0.112331920011971 0.251206668241167
"NA19098.3.D07" 0.399167145637688 0.20803840848917 0.129559555834574 0.157145694926221 0.106089195112347
"NA19098.3.D09" 0.355071904202865 0.173737478265636 0.126852688444232 0.105819168105679 0.238518760981588
"NA19098.3.D10" 0.415413076033875 0.189348550701607 0.138225550257344 0.168913346894589 0.0880994761125854
"NA19098.3.D11" 0.426467543062391 0.159105173573826 0.152812389357931 0.080560437004919 0.181054457000934
"NA19098.3.D12" 0.315204812756192 0.26292069872773 0.169914038809079 0.119350774400487 0.132609675306512
"NA19098.3.E01" 0.420218651163219 0.179373802127442 0.146326573405391 0.166871097673416 0.0872098756305317
"NA19098.3.E02" 0.416239675913998 0.181185718344382 0.116706129572838 0.212790722621448 0.0730777535473355
"NA19098.3.E03" 0.425331978606964 0.186881774750214 0.13377668196742 0.174574843299646 0.079434721375756
"NA19098.3.E04" 0.399586686686688 0.178175930662201 0.153889533335572 0.133027682686254 0.135320166629285
"NA19098.3.E05" 0.151463706540406 0.2995672387692 0.253990809328636 0.143650076573499 0.151328168788259
"NA19098.3.E06" 0.174335847874856 0.236273900642614 0.316867972728557 0.123184161822115 0.149338116931858
"NA19098.3.E07" 0.228864064052857 0.201215590237131 0.264033705576051 0.11904030142242 0.186846338711541
"NA19098.3.E08" 0.120311429277566 0.262256645227241 0.217841777727888 0.199604004840962 0.199986142926342
"NA19098.3.E09" 0.215661583867008 0.206612832524407 0.23736915493303 0.226133122732151 0.114223305943404
"NA19098.3.E10" 0.317672904605455 0.159739995453363 0.151259108324765 0.10010574464175 0.271222246974668
"NA19098.3.E11" 0.434921740405056 0.167120480347962 0.127452754709322 0.169791282312847 0.100713742224813
"NA19098.3.E12" 0.364176885707117 0.224850383441096 0.117404923769317 0.2155706881389 0.0779971189435698
"NA19098.3.F01" 0.234069343942171 0.247717594911133 0.193196145200472 0.191572991672506 0.133443924273717
"NA19098.3.F03" 0.407679687488426 0.171038590630756 0.132074855176117 0.18091012395762 0.108296742747081
"NA19098.3.F04" 0.35970224663182 0.232667525577553 0.14411592905656 0.180623304779019 0.0828909939550472
"NA19098.3.F05" 0.386988140732865 0.223797443770713 0.120189237709228 0.159125398897667 0.109899778889526
"NA19098.3.F06" 0.384965758115657 0.160312921349926 0.151812524332456 0.244649022765247 0.0582597734367147
"NA19098.3.F07" 0.271146309874192 0.197740502654012 0.215582145898319 0.171962225779696 0.143568815793781
"NA19098.3.F09" 0.349318792298553 0.228886293676231 0.128020303388402 0.201262425379152 0.0925121852576619
"NA19098.3.F10" 0.356082601342031 0.142934756699198 0.109531055420391 0.118502047769588 0.272949538768792
"NA19098.3.F11" 0.140648281904057 0.302107270178435 0.238435212088937 0.155262442863873 0.163546792964699
"NA19098.3.G01" 0.405332417558382 0.173894649316326 0.105649614299761 0.197521271811923 0.117602047013608
"NA19098.3.G02" 0.145118886699887 0.260603583565599 0.231543063144858 0.160296578783955 0.202437887805701
"NA19098.3.G03" 0.151778737330032 0.273045523041971 0.269750561542702 0.125145142938319 0.180280035146975
"NA19098.3.G04" 0.236884709912735 0.260243973754902 0.201859659512098 0.160037405212691 0.140974251607574
"NA19098.3.G05" 0.46621721227511 0.13810310577398 0.0620287487196262 0.110867706442368 0.222783226788916
"NA19098.3.G06" 0.375049487434217 0.213083775060625 0.120960051459012 0.163769636127887 0.127137049918259
"NA19098.3.G07" 0.194724925558985 0.224114202107818 0.226350076423758 0.192173741531835 0.162637054377604
"NA19098.3.G08" 0.202793008116236 0.22685327683819 0.238223886729056 0.144387532491001 0.187742295825516
"NA19098.3.G09" 0.208670926398595 0.251673966664391 0.184984254822256 0.152341811664354 0.202329040450404
"NA19098.3.G10" 0.464546572157978 0.172251534816914 0.110992819537492 0.121350014450551 0.130859059037065
"NA19098.3.G11" 0.118337145265095 0.324491121292614 0.22421775495698 0.221791355170303 0.111162623315009
"NA19098.3.G12" 0.15148019659628 0.33906757337479 0.260816336195546 0.127238083519369 0.121397810314016
"NA19098.3.H01" 0.193151536381396 0.280289092994798 0.201216867418321 0.165457073713155 0.159885429492329
"NA19098.3.H02" 0.402008648149215 0.178436471089811 0.115361144835018 0.158213790513437 0.145979945412519
"NA19098.3.H03" 0.352439565221905 0.148772276971101 0.120163857222522 0.124796442711294 0.253827857873178
"NA19098.3.H04" 0.388398811370354 0.111707619325434 0.146688437724645 0.109617928203226 0.243587203376341
"NA19098.3.H05" 0.396767963785404 0.166469769953514 0.154658437111102 0.175208152411041 0.106895676738939
"NA19098.3.H06" 0.456878578941229 0.171429185243962 0.111212925540524 0.200690742898025 0.0597885673762601
"NA19098.3.H07" 0.0914100718407015 0.347622824141158 0.234971399106073 0.190131058302698 0.13586464660937
"NA19098.3.H08" 0.283215083865514 0.241126942166281 0.186580442568152 0.181422612430315 0.107654918969738
"NA19098.3.H09" 0.251870458154945 0.274184920951593 0.174913728691497 0.218474750240909 0.0805561419610563
"NA19098.3.H10" 0.350460568879085 0.194037434872617 0.100997701565564 0.174697375586549 0.179806919096184
"NA19098.3.H11" 0.283053604018552 0.188904244921708 0.210955988703556 0.195852845431329 0.121233316924854
"NA19098.3.H12" 0.356171586061056 0.20403082345106 0.140265897526957 0.178617152285194 0.120914540675734
"NA19239.1.A01" 0.323882634343535 0.198258367459233 0.162005551062932 0.152922468617935 0.162930978516365
"NA19239.1.A02" 0.237842739280456 0.187991861279838 0.231248290792436 0.122318633224484 0.220598475422786
"NA19239.1.A03" 0.280067463809222 0.253672384278154 0.190458669585453 0.137129552489814 0.138671929837357
"NA19239.1.A04" 0.259234737276603 0.144912902075538 0.244566091114928 0.21506583346224 0.13622043607069
"NA19239.1.A05" 0.363698428332667 0.223691754569241 0.127920921318565 0.151922754652246 0.132766141127281
"NA19239.1.A06" 0.30312100601191 0.165900304555403 0.199384600163564 0.125815724296127 0.205778364972996
"NA19239.1.A07" 0.19171135505711 0.263189379333823 0.251782201458274 0.133023921700683 0.160293142450111
"NA19239.1.A08" 0.324623493704798 0.244385677653792 0.191921194859923 0.129206986744219 0.109862647037268
"NA19239.1.A09" 0.277352611013908 0.16411253832967 0.227377038351722 0.0926298762790956 0.238527936025605
"NA19239.1.A10" 0.302392653004995 0.216810409078891 0.195916072817938 0.176655088820153 0.108225776278023
"NA19239.1.A11" 0.25854834465353 0.139432335421813 0.221555953320823 0.146333042578684 0.234130324025151
"NA19239.1.A12" 0.26516221029573 0.227568274807635 0.228060875219182 0.151694132072043 0.127514507605411
"NA19239.1.B02" 0.21083909850583 0.204729405790372 0.198595873070866 0.122798873863444 0.263036748769488
"NA19239.1.B03" 0.27685738146141 0.217839703311371 0.16866092695931 0.249873048305808 0.0867689399621019
"NA19239.1.B05" 0.218320507760813 0.261243545739318 0.241446627195503 0.162012535060369 0.116976784243997
"NA19239.1.B06" 0.17821220380721 0.26610201345742 0.266586408102359 0.173955038095879 0.115144336537132
"NA19239.1.B07" 0.221628512881319 0.307815929146886 0.21038941394937 0.210618095818958 0.0495480482034673
"NA19239.1.B08" 0.340984294129153 0.181982863233347 0.160167777165355 0.210213733980347 0.106651331491798
"NA19239.1.B09" 0.295523505959107 0.211085602552282 0.17694148340781 0.2037144325477 0.112734975533102
"NA19239.1.B10" 0.161950551366587 0.292494742231553 0.256361408508381 0.153260048963359 0.13593324893012
"NA19239.1.B11" 0.411650671840865 0.136482805315143 0.112721532626575 0.120417896858285 0.218727093359132
"NA19239.1.B12" 0.359665436112616 0.269800855510935 0.106174376944821 0.161216711503813 0.103142619927815
"NA19239.1.C01" 0.227317185672395 0.205472250463635 0.197108816739332 0.172766269914165 0.197335477210473
"NA19239.1.C02" 0.356257041090273 0.246733261030366 0.148232276161382 0.143660362538923 0.105117059179055
"NA19239.1.C03" 0.381586346488241 0.223450568593053 0.129161258354918 0.173902175550952 0.0918996510128361
"NA19239.1.C05" 0.313915308416014 0.201802396466332 0.133289275896863 0.128968690464361 0.22202432875643
"NA19239.1.C06" 0.33521079002142 0.159954448708781 0.140179443380615 0.113359856398502 0.251295461490683
"NA19239.1.C07" 0.183254446742361 0.25156026590185 0.302918209701206 0.133275666292818 0.128991411361766
"NA19239.1.C08" 0.35221563835411 0.155072269374938 0.141630409547409 0.12772222396067 0.223359458762873
"NA19239.1.C09" 0.420756349045911 0.189685144806863 0.131966686229613 0.159395268334985 0.0981965515826284
"NA19239.1.C10" 0.366456314084178 0.172599517048876 0.146781852697599 0.13049362216891 0.183668694000438
"NA19239.1.C11" 0.224753473426869 0.242437500611995 0.234488992109741 0.199385823672845 0.0989342101785505
"NA19239.1.C12" 0.362192336776061 0.162122017603312 0.100967043529651 0.114633317249047 0.260085284841928
"NA19239.1.D01" 0.361732986200214 0.217500000414057 0.0894865480364344 0.172866712103447 0.158413753245847
"NA19239.1.D02" 0.33594230201085 0.228209649484251 0.16991101751609 0.169262341876004 0.0966746891128051
"NA19239.1.D03" 0.185489726586388 0.177694635563003 0.241061507890289 0.195511474518696 0.200242655441625
"NA19239.1.D04" 0.30922391672453 0.165195559022347 0.208654010878721 0.140075561903864 0.176850951470537
"NA19239.1.D05" 0.368708650973138 0.224346420272128 0.106280336514104 0.204332457343159 0.09633213489747
"NA19239.1.D06" 0.306142717637861 0.179358369204021 0.189940112843636 0.157329455989608 0.167229344324874
"NA19239.1.D07" 0.107800536827793 0.221248818080122 0.338790583547206 0.170226084222608 0.16193397732227
"NA19239.1.D08" 0.423814928195114 0.170228403342752 0.129900864095128 0.144946918637225 0.131108885729782
"NA19239.1.D09" 0.354009224762884 0.233228178127867 0.17301606715596 0.136932366651336 0.102814163301953
"NA19239.1.D10" 0.305938809329976 0.208557126095964 0.185775020252176 0.15889473426798 0.140834310053904
"NA19239.1.D11" 0.282776928600607 0.244384695085032 0.172681069743797 0.226452434989133 0.0737048715814323
"NA19239.1.D12" 0.251029387933234 0.214798254714656 0.195923891603328 0.135342508402689 0.202905957346094
"NA19239.1.E01" 0.354155285645035 0.21077375596387 0.155876443514191 0.204515940061348 0.0746785748155566
"NA19239.1.E02" 0.412746086001543 0.145378786660785 0.125691720538275 0.115585246131071 0.200598160668326
"NA19239.1.E03" 0.374718802489755 0.172903013423804 0.159030430440241 0.154335205306194 0.139012548340006
"NA19239.1.E04" 0.421494847316029 0.172306572051747 0.135833443818753 0.171032714721488 0.0993324220919832
"NA19239.1.E05" 0.153240994107734 0.229237338932788 0.280857406523194 0.15418170983043 0.182482550605854
"NA19239.1.E06" 0.30006730680661 0.108856863600532 0.189082267589495 0.217853475329777 0.184140086673586
"NA19239.1.E07" 0.315325475204334 0.163393651399124 0.183822899612468 0.101904831368957 0.235553142415117
"NA19239.1.E08" 0.392588002140439 0.180877742416178 0.100057691873193 0.0888149074130719 0.237661656157118
"NA19239.1.E09" 0.367702516026906 0.16760283251477 0.148782756097901 0.174061415857912 0.141850479502512
"NA19239.1.E10" 0.325300255038083 0.191945579646045 0.146195866751977 0.172049065829166 0.16450923273473
"NA19239.1.E11" 0.31060724623063 0.175732967720393 0.146678551758054 0.121581231142004 0.245400003148919
"NA19239.1.E12" 0.347451502160573 0.226150057174704 0.157924912677072 0.190851393099299 0.0776221348883512
"NA19239.1.F01" 0.387548535450142 0.17044117925217 0.156752409322809 0.173766634403074 0.111491241571805
"NA19239.1.F02" 0.261131905221943 0.278362382932676 0.184213897575607 0.163736996373215 0.11255481789656
"NA19239.1.F03" 0.287115554069294 0.2772941046526 0.132753590379245 0.219073649118484 0.0837631017803767
"NA19239.1.F04" 0.372247738587147 0.164413115724407 0.15801099758194 0.18751805643387 0.117810091672636
"NA19239.1.F05" 0.121168183883206 0.24543026392268 0.29643206838323 0.145285217226545 0.191684266584339
"NA19239.1.F06" 0.338990384147466 0.229804927537005 0.135095343636983 0.203273363432921 0.0928359812456251
"NA19239.1.F07" 0.326039772942015 0.255571824905182 0.147522147019124 0.167492822816583 0.103373432317096
"NA19239.1.F08" 0.372733689348496 0.157578198933238 0.147399804617209 0.100770965978737 0.22151734112232
"NA19239.1.F09" 0.318257664763434 0.180408649341029 0.167871085874914 0.192927922829654 0.140534677190969
"NA19239.1.F10" 0.390567994990147 0.20569236456333 0.0975732147938819 0.166860849851197 0.139305575801444
"NA19239.1.F11" 0.304244279368526 0.22138791829613 0.197201782973137 0.111058505526063 0.166107513836144
"NA19239.1.F12" 0.249595588854156 0.30398588435607 0.118001263304787 0.145297656484246 0.18311960700074
"NA19239.1.G01" 0.31628500865766 0.247412106952427 0.155208617802598 0.18882409019848 0.0922701763888356
"NA19239.1.G02" 0.244163119691786 0.277888798925328 0.185427226699246 0.172024542308345 0.120496312375295
"NA19239.1.G03" 0.257416077094227 0.196339124582976 0.178649196399364 0.164762223473723 0.20283337844971
"NA19239.1.G04" 0.360281456891832 0.209609823804919 0.159848573344099 0.123370706761392 0.146889439197758
"NA19239.1.G05" 0.229512342832731 0.272158757433884 0.166530337123519 0.196216025406434 0.135582537203433
"NA19239.1.G06" 0.253588635123 0.301755261279501 0.130863803133094 0.162017183850279 0.151775116614126
"NA19239.1.G07" 0.235991049399326 0.232093624551929 0.199886063163028 0.179889976845253 0.152139286040464
"NA19239.1.G08" 0.245332949738436 0.28672785832335 0.199253169795672 0.126576083058176 0.142109939084366
"NA19239.1.G09" 0.240572271015781 0.305800758450164 0.166126190670343 0.196361591365746 0.091139188497967
"NA19239.1.G10" 0.330495486120763 0.239843032234785 0.12346607689449 0.177677349652835 0.128518055097127
"NA19239.1.G11" 0.295509088895289 0.207731230902025 0.148908428865926 0.145589560248543 0.202261691088217
"NA19239.1.G12" 0.359605075909625 0.20779098297867 0.168227889277128 0.141813817972869 0.122562233861707
"NA19239.1.H01" 0.267852012059905 0.219259227539583 0.170527480448936 0.129419129916956 0.21294215003462
"NA19239.1.H03" 0.369751355749301 0.211762659619037 0.151581472016955 0.141497062147374 0.125407450467334
"NA19239.1.H04" 0.207401268662215 0.27949171883494 0.255559429442746 0.170208201017162 0.0873393820429366
"NA19239.1.H05" 0.346402523541226 0.13630652228191 0.179400857331904 0.193995137923978 0.143894958920982
"NA19239.1.H06" 0.351960760604632 0.131179263767197 0.166286980355622 0.153103191540987 0.197469803731562
"NA19239.1.H07" 0.349592924902631 0.166319262074554 0.160175565071886 0.15593256611797 0.167979681832959
"NA19239.1.H08" 0.348865349106588 0.224766684303144 0.181128881053718 0.166611315833479 0.0786277697030708
"NA19239.1.H09" 0.28497732871346 0.144565201190847 0.224607652837182 0.127634113232802 0.218215704025709
"NA19239.1.H10" 0.42289199198836 0.241931464894878 0.106999635722361 0.0780447533660371 0.150132154028363
"NA19239.1.H11" 0.439505699173281 0.197951416845767 0.0785037473254068 0.18255768156405 0.101481455091495
"NA19239.1.H12" 0.359384849312088 0.209813390362471 0.0712530512788603 0.154766581736394 0.204782127310187
"NA19239.2.A01" 0.308254899981013 0.237573061218434 0.161858585941579 0.187363478545266 0.104949974313707
"NA19239.2.A02" 0.431016484919294 0.120781117385479 0.129110092143204 0.129369969224372 0.189722336327651
"NA19239.2.A04" 0.333616190711845 0.147687084959761 0.131077201135243 0.0873876708467045 0.300231852346447
"NA19239.2.A05" 0.35702889626117 0.161320613372372 0.173450272074157 0.232764321540993 0.0754358967513083
"NA19239.2.A06" 0.300871687158402 0.187483021275907 0.145236246679339 0.052082323831275 0.314326721055077
"NA19239.2.A07" 0.357621096159393 0.20544154182855 0.144782129823924 0.188842752238259 0.103312479949873
"NA19239.2.A08" 0.410827009597427 0.155352644882496 0.151111722615139 0.112082183005001 0.170626439899937
"NA19239.2.A09" 0.302956626425546 0.211951518611576 0.147394041608681 0.197985258771408 0.139712554582788
"NA19239.2.A10" 0.126381332340755 0.232397105029381 0.295403708675847 0.169413561993763 0.176404291960254
"NA19239.2.A11" 0.398281022920015 0.140284618548263 0.179578710666824 0.189379815651572 0.0924758322133257
"NA19239.2.A12" 0.352215258314821 0.178737053461163 0.163177492651555 0.120606125911164 0.185264069661298
"NA19239.2.B01" 0.12232234835215 0.223630622953831 0.306109392277262 0.122258028317361 0.225679608099396
"NA19239.2.B02" 0.322237974948006 0.22415262357089 0.173988975971419 0.191172427159578 0.0884479983501074
"NA19239.2.B03" 0.0761667835985469 0.240781642745603 0.255719751217971 0.178885727052891 0.248446095384987
"NA19239.2.B04" 0.434693140638862 0.137883474352938 0.120815627102186 0.14937441070054 0.157233347205474
"NA19239.2.B05" 0.31533343518921 0.146050330531502 0.191858116527087 0.180190973160875 0.166567144591326
"NA19239.2.B06" 0.350679437595063 0.193295492503461 0.158009209168897 0.139916184889221 0.158099675843359
"NA19239.2.B07" 0.346397630500653 0.164636417859317 0.155801184660637 0.160600467484902 0.17256429949449
"NA19239.2.B08" 0.245150938321242 0.269194597686818 0.156857178957233 0.217506161845323 0.111291123189385
"NA19239.2.B09" 0.421874710284043 0.171757268133205 0.126095545406915 0.117326720931852 0.162945755243985
"NA19239.2.B11" 0.130505833475601 0.282341564754766 0.217697908842265 0.0805969382255443 0.288857754701824
