"1" "2" "3" "4" "5"
"NA19098.1.A01" 0.432555567018294 0.430437757661153 0.0214236196360107 0.0747898860333222 0.0407931696512204
"NA19098.1.A02" 0.678975754015451 0.160631300969105 0.120618809649887 0.0333294745928799 0.0064446607726777
"NA19098.1.A03" 0.567547368022874 0.318310762182818 0.0419114884932553 0.0488142100812904 0.023416171219762
"NA19098.1.A04" 0.465073912569802 0.357703273416604 0.0884215396721145 0.0725659005746865 0.0162353737667935
"NA19098.1.A05" 0.542051595569141 0.316344275977891 0.0955741222811292 0.0287700775119572 0.0172599286598809
"NA19098.1.A06" 0.454883447421937 0.296402448005551 0.0835487466140633 0.143010523903969 0.0221548340544791
"NA19098.1.A07" 0.5869087426203 0.289820697021908 0.0358867633877172 0.03832316523443 0.0490606317356449
"NA19098.1.A08" 0.496652241545497 0.238898507455455 0.111167086074158 0.15276891435263 0.000513250572260344
"NA19098.1.A09" 0.508103892749457 0.395309932541062 0.0106143401640529 0.0548327601891203 0.0311390743563074
"NA19098.1.A10" 0.493133549014339 0.263748448945762 0.034974122381181 0.201533667531327 0.00661021212739059
"NA19098.1.A11" 0.462381672261541 0.325845759469303 0.0758104470915901 0.0937160629452908 0.0422460582322759
"NA19098.1.A12" 0.533491170640429 0.335198560705231 0.0543414126337111 0.0281553490229239 0.0488135069977055
"NA19098.1.B01" 0.636664470494282 0.187920865769575 0.101069122798297 0.0450973097276818 0.0292482312101639
"NA19098.1.B02" 0.499466666665821 0.329403993832212 0.128540488104941 0.0188437759586029 0.0237450754384225
"NA19098.1.B03" 0.339117049623887 0.383666270031989 0.0354883873624381 0.214003056796698 0.0277252361849883
"NA19098.1.B05" 0.49623474049112 0.354717504573397 0.0654957636203426 0.0439267475777435 0.0396252437373965
"NA19098.1.B06" 0.471562660011988 0.324321737781088 0.10405211397161 0.0710036953380138 0.0290597928973008
"NA19098.1.B07" 0.587177324295972 0.25056050559011 0.117443933661288 0.0199738984061053 0.0248443380465251
"NA19098.1.B08" 0.433516657940054 0.262636831847792 0.00142768250762044 0.274638587528362 0.0277802401761716
"NA19098.1.B09" 0.328145292180739 0.397280289432467 0.0725499480739864 0.156812601617779 0.0452118686950287
"NA19098.1.B10" 0.379517975328705 0.504481931991453 0.023187484451202 0.0765336833660025 0.0162789248626375
"NA19098.1.B11" 0.44052207362463 0.391038383538512 0.0527127195147869 0.101077393474227 0.0146494298478442
"NA19098.1.B12" 0.544495346422845 0.253047340315345 0.100380546347031 0.0649117307596083 0.0371650361551709
"NA19098.1.C01" 0.586932018016888 0.251316340838257 0.0405651834921253 0.116158045100515 0.00502841255221508
"NA19098.1.C02" 0.568552318062635 0.23254324773883 0.079165541997663 0.0888919713263851 0.0308469208744866
"NA19098.1.C03" 0.558401538974338 0.310909322621318 0.0812209128676615 0.029224312538617 0.0202439129980657
"NA19098.1.C04" 0.46345240153077 0.350393899020272 0.0972635795062433 0.072062660025838 0.0168274599168767
"NA19098.1.C05" 0.418786577445957 0.359079783126431 0.0504582363774576 0.152423966138296 0.0192514369118584
"NA19098.1.C06" 0.340881089143785 0.362151163173859 0.19936124318117 0.0612313003776153 0.0363752041235702
"NA19098.1.C07" 0.476829193223527 0.270013063931988 0.0238240778370005 0.184708105041501 0.0446255599659839
"NA19098.1.C08" 0.513202216702544 0.420730536539489 0.00606760088499417 0.0325220092327251 0.0274776366402473
"NA19098.1.C09" 0.561265135679876 0.347292210448206 0.00882294582523031 0.0805406559934077 0.00207905205328022
"NA19098.1.C10" 0.601162334730967 0.228874445911273 0.114651234398037 0.0378562844944866 0.0174557004652364
"NA19098.1.C11" 0.468405654263701 0.258489822265358 0.0422680145003845 0.20926542390587 0.0215710850646858
"NA19098.1.C12" 0.409967817799076 0.371636491585682 0.00329359253130501 0.138777490121914 0.0763246079620236
"NA19098.1.D01" 0.523936359182697 0.299839451695522 0.0948396752466572 0.0609694364039613 0.0204150774711619
"NA19098.1.D02" 0.461733591425346 0.351554132679683 0.0569273302664546 0.123064875568399 0.00672007006011777
"NA19098.1.D03" 0.606136118048015 0.239030603616575 0.101334162471302 0.0313107605968053 0.0221883552673036
"NA19098.1.D04" 0.400568189405808 0.231177469979328 0.138420860030414 0.18361136877769 0.046222111806761
"NA19098.1.D05" 0.503599422837108 0.39593108897284 0.0348483515352874 0.0645518291785973 0.00106930747616747
"NA19098.1.D06" 0.522919003945421 0.190065152262409 0.0993675798869153 0.173689273946941 0.0139589899583135
"NA19098.1.D07" 0.250691036801342 0.617337078887242 0.0105622028033547 0.098936269067772 0.0224734124402892
"NA19098.1.D08" 0.43164444390764 0.353681448445205 0.000916865043831765 0.212370167202963 0.00138707540036043
"NA19098.1.D09" 0.410261506939104 0.471405188178077 0.0098459935410518 0.0506118570440113 0.0578754542977559
"NA19098.1.D10" 0.577174882264143 0.283049325205801 0.0386240795124307 0.0770381841581667 0.0241135288594578
"NA19098.1.D11" 0.439241519506655 0.394701315264254 0.0949746074616334 0.0375143141760591 0.0335682435913983
"NA19098.1.D12" 0.633877363773517 0.237319623997157 0.0889801384486424 0.0184249215624546 0.0213979522182294
"NA19098.1.E01" 0.472333967357409 0.357748762429935 0.0860422286587015 0.0778160596677858 0.00605898188616837
"NA19098.1.E02" 0.517954264010614 0.274266661808916 0.0766066681474203 0.0941939308940591 0.0369784751389905
"NA19098.1.E03" 0.568104403640132 0.28703832651267 0.0677617711143557 0.0336743065514288 0.0434211921814133
"NA19098.1.E05" 0.622008814001066 0.269947360983006 0.0551967733453779 0.0297905167647524 0.0230565349057977
"NA19098.1.E06" 0.533780363535561 0.323074664590616 0.0856138565942335 0.0245994813281883 0.0329316339514017
"NA19098.1.E07" 0.41043955849088 0.454956177478456 0.0461678295399662 0.0479856768745106 0.0404507576161867
"NA19098.1.E08" 0.52864330170841 0.259438470997736 0.0409277616911242 0.163619118330073 0.00737134727265683
"NA19098.1.E09" 0.453762167007723 0.293702492759883 0.0322199612081206 0.170458560817826 0.0498568182064464
"NA19098.1.E10" 0.514530228893482 0.306844696507017 0.071949103557501 0.0750170549154515 0.031658916126549
"NA19098.1.E11" 0.488357705198963 0.244636598006011 0.0217452385560321 0.224672311362066 0.0205881468769272
"NA19098.1.E12" 0.483316986127797 0.249102888037668 0.0941248215331988 0.146269727448441 0.0271855768528951
"NA19098.1.F01" 0.364197888058061 0.40251011681196 0.0642605147840289 0.121231826104312 0.047799654241638
"NA19098.1.F02" 0.563307566980955 0.185830410108446 0.148179965544647 0.0919519906967183 0.0107300666692331
"NA19098.1.F03" 0.597816920658453 0.256267220527193 0.0996131866395617 0.0174701290399498 0.028832543134843
"NA19098.1.F04" 0.427950389500529 0.36988350842465 0.0614256170460176 0.128473420941454 0.012267064087349
"NA19098.1.F06" 0.322096399842443 0.521077327040999 0.0283680580005927 0.0905439423046611 0.0379142728113038
"NA19098.1.F07" 0.466148628174997 0.458489358757504 0.00382349274546162 0.0621919524256852 0.00934656789635161
"NA19098.1.F08" 0.544285114532148 0.262016548720592 0.128073086256715 0.0608762914748259 0.00474895901571803
"NA19098.1.F09" 0.50316224283022 0.309020174463308 0.00168803100030609 0.146493428765191 0.0396361229409745
"NA19098.1.F10" 0.563617127013706 0.200232648939797 0.112602719607444 0.0822296774039557 0.0413178270350977
"NA19098.1.F11" 0.586732925461503 0.359062925898084 0.0111599441334658 0.0170844029306225 0.0259598015763249
"NA19098.1.F12" 0.498886189980442 0.364141237777093 0.00342659234223554 0.102106290806063 0.0314396890941661
"NA19098.1.G01" 0.50481717253718 0.318985767523967 0.00820317717534059 0.131856624795898 0.0361372579676145
"NA19098.1.G02" 0.540693896013965 0.271154165010625 0.0962633709745392 0.0732999567510593 0.0185886112498113
"NA19098.1.G03" 0.429227098975315 0.405034990850318 0.064367986596301 0.0878505436268845 0.0135193799511814
"NA19098.1.G04" 0.550289227411522 0.302408762542094 0.0199846089590473 0.119068177577832 0.00824922350950521
"NA19098.1.G05" 0.556471992030943 0.331307738617472 0.0103979002051669 0.0813708353834288 0.0204515337629898
"NA19098.1.G06" 0.45065103730441 0.31923617455339 0.026796821694037 0.192857916847934 0.0104580496002291
"NA19098.1.G07" 0.470360042448923 0.334888604232078 0.00179896099657052 0.164979450761857 0.0279729415605719
"NA19098.1.G08" 0.532885990548996 0.311460971292193 0.0493458681607327 0.0829643158945523 0.0233428541035258
"NA19098.1.G09" 0.516302547633994 0.349034527731815 0.0490497981005458 0.0668410337762788 0.0187720927573673
"NA19098.1.G10" 0.516511535970258 0.238949883477258 0.0217854250326061 0.214776627944542 0.00797652757533553
"NA19098.1.G11" 0.571368979663255 0.192000403296739 0.0163803986071382 0.190947517165295 0.0293027012675727
"NA19098.1.G12" 0.575108115789538 0.356544986724255 0.00901680806414679 0.0567662923130857 0.00256379710897454
"NA19098.1.H01" 0.623837489833695 0.244491150378846 0.0471612617298028 0.067774654703304 0.016735443354352
"NA19098.1.H02" 0.512878581243805 0.368403796762438 0.0533790892702625 0.0371810438402667 0.0281574888832285
"NA19098.1.H03" 0.482021877629124 0.424316444178599 0.0386522869158197 0.0323442832588906 0.0226651080175673
"NA19098.1.H04" 0.591188184077997 0.33524068395897 0.0368836201800195 0.00361932372443711 0.033068188058576
"NA19098.1.H05" 0.663958168715182 0.229649774918508 0.0294780513600447 0.0431080976569854 0.0338059073492797
"NA19098.1.H06" 0.321479360442176 0.543922492229217 0.0421594692786527 0.0661921522570696 0.0262465257928845
"NA19098.1.H07" 0.42903231691788 0.444718183222414 0.0729350252999778 0.0428415256797504 0.0104729488799779
"NA19098.1.H08" 0.355027595579654 0.53611164875916 0.0178713389267947 0.0608594813815119 0.0301299353528794
"NA19098.1.H09" 0.37269849989134 0.45909232340127 0.00969835862924403 0.132879611472582 0.0256312066055634
"NA19098.1.H10" 0.558421950343501 0.250942742396746 0.123144505279659 0.0492216283845627 0.0182691735955313
"NA19098.1.H11" 0.538888248567004 0.283120788385574 0.115204634183605 0.0396009483371179 0.0231853805266991
"NA19098.1.H12" 0.574220751363844 0.296668292983548 0.033075137276923 0.0578178942437645 0.03821792413192
"NA19098.2.A01" 0.0785502310863349 0.717837802789223 0.0720025735998405 0.123947289126457 0.00766210339814428
"NA19098.2.A02" 0.40091054066009 0.272535836011946 0.241370503332178 0.0396001858285518 0.0455829341672336
"NA19098.2.A03" 0.430428449875156 0.269796608909303 0.235827428898731 0.0224893228606482 0.0414581894561622
"NA19098.2.A04" 0.484846913569846 0.257501652521724 0.193221584793093 0.0419178978220173 0.02251195129332
"NA19098.2.A05" 0.445149010663171 0.254022302289157 0.137075818890122 0.150626419346578 0.0131264488109724
"NA19098.2.A06" 0.262189600804462 0.508066444901944 0.14951845090059 0.0631550712008327 0.0170704321921708
"NA19098.2.A07" 0.384872501430599 0.223794125430962 0.21280505267271 0.16025538406994 0.0182729363957887
"NA19098.2.A08" 0.373013912430926 0.273026419159173 0.253044074626307 0.0722011010835523 0.0287144927000425
"NA19098.2.A09" 0.191406519935137 0.574890058759121 0.148575529058852 0.0658601221395365 0.0192677701073533
"NA19098.2.A10" 0.430097811143957 0.340430516574304 0.148356798927168 0.0475778042237874 0.0335370691307836
"NA19098.2.A11" 0.345317262145402 0.308327964462312 0.268277010960322 0.0634830285318706 0.0145947339000931
"NA19098.2.B01" 0.234008688532108 0.480438783612729 0.153701488345939 0.0952404464412077 0.0366105930680166
"NA19098.2.B02" 0.388766124542504 0.29945481809405 0.155692117822931 0.129961319555742 0.0261256199847733
"NA19098.2.B03" 0.376098792144434 0.267356299306402 0.178654505482674 0.141499988785433 0.0363904142810571
"NA19098.2.B04" 0.429107562062603 0.323372026544351 0.208419097407206 0.0356435272143176 0.00345778677152198
"NA19098.2.B05" 0.363043962133887 0.28941426142473 0.147440435068037 0.169824193792097 0.030277147581249
"NA19098.2.B06" 0.330128313986917 0.296348797224491 0.178344728284782 0.190511536981827 0.004666623521982
"NA19098.2.B07" 0.460186118582746 0.22064198923186 0.224905235525229 0.0486550552778879 0.0456116013822773
"NA19098.2.B08" 0.3899621078782 0.25601818573029 0.153265979240196 0.166868380812149 0.0338853463391656
"NA19098.2.B09" 0.363146897689031 0.301812931005143 0.103806078257799 0.222321396949821 0.00891269609820546
"NA19098.2.B10" 0.396852675495237 0.271229569045406 0.226557317303784 0.0857061861577069 0.0196542519978664
"NA19098.2.B11" 0.175048269972362 0.605032463497308 0.100385965628344 0.0871377129071861 0.0323955879948001
"NA19098.2.C01" 0.391193614760477 0.271772653412095 0.242754606873576 0.0752812329979049 0.0189978919559467
"NA19098.2.C02" 0.306999581759534 0.335325279097216 0.152252354929482 0.19446860291737 0.0109541812963976
"NA19098.2.C03" 0.307347816266317 0.345241121263788 0.140260091981898 0.189873435338652 0.0172775351493451
"NA19098.2.C04" 0.0809683698769417 0.580035771107333 0.228914942692985 0.0789133219237395 0.0311675943990007
"NA19098.2.C05" 0.399300134627859 0.296357374894806 0.208814850901019 0.0803511664829774 0.0151764730933383
"NA19098.2.C06" 0.337765701275709 0.415144246566689 0.124885532599968 0.108417089990545 0.0137874295670892
"NA19098.2.C07" 0.419973157692828 0.279283097699011 0.152591207996505 0.122578821268375 0.0255737153432818
"NA19098.2.C08" 0.326488190431539 0.317702854089682 0.259694068629265 0.086173794562108 0.00994109228740638
"NA19098.2.C09" 0.17569354269889 0.592170445598929 0.0791051927650308 0.118764798660422 0.0342660202767279
"NA19098.2.C10" 0.297084390515014 0.339126746839633 0.278836938340576 0.0677668083115669 0.0171851159932102
"NA19098.2.C11" 0.406097758128853 0.333727937423917 0.196933702960597 0.0255839573946813 0.0376566440919511
"NA19098.2.C12" 0.551818737349731 0.278264899743414 0.120371138164194 0.0173339028832442 0.0322113218594174
"NA19098.2.D01" 0.423682179081078 0.377230384536199 0.132744339410163 0.0325171859269951 0.0338259110455649
"NA19098.2.D02" 0.352464651624445 0.44950701026268 0.129120503704715 0.0518953134998968 0.0170125209082638
"NA19098.2.D03" 0.392885519248519 0.422344342846684 0.109177329942103 0.0461611409621619 0.0294316670005324
"NA19098.2.D04" 0.330046326623429 0.368257422833516 0.211398667723101 0.073335994239953 0.0169615885800007
"NA19098.2.D05" 0.331734526360904 0.222994343802093 0.222937914421462 0.221776663897628 0.000556551517912845
"NA19098.2.D06" 0.330464502866386 0.293947691234897 0.142255421844451 0.208878318256444 0.0244540657978214
"NA19098.2.D08" 0.390726266498481 0.23070011339078 0.268297852447542 0.0834030632531716 0.0268727044100248
"NA19098.2.D09" 0.143545155443735 0.599895800080843 0.147023260284456 0.0720611934423652 0.0374745907486012
"NA19098.2.D10" 0.351946825810845 0.311276231827327 0.272880184783051 0.0310572345382778 0.0328395230404994
"NA19098.2.D11" 0.315698169273034 0.29564644885884 0.143350234782493 0.225834876619145 0.0194702704664882
"NA19098.2.D12" 0.475704096991784 0.302897494720334 0.0868534676649898 0.126589155980909 0.00795578464198336
"NA19098.2.E01" 0.442162679757757 0.255530561814278 0.261224116255494 0.00519691859514422 0.0358857235773266
"NA19098.2.E02" 0.396978391725385 0.23659807601091 0.280534396504918 0.0598023084847353 0.0260868272740515
"NA19098.2.E03" 0.415149035575493 0.245646116111698 0.268999117635462 0.0459377264906027 0.0242680041867441
"NA19098.2.E04" 0.177755497102989 0.466332601116136 0.259047212078537 0.090634382720855 0.00623030698148277
"NA19098.2.E05" 0.391290373389806 0.304107143181636 0.246532882820845 0.0413793292494128 0.0166902713582995
"NA19098.2.E06" 0.420408869985699 0.31804867851506 0.244262399826418 0.00250680999836789 0.0147732416744543
"NA19098.2.E07" 0.29114375754489 0.379406315106224 0.220097672337215 0.0691709712119299 0.0401812837997413
"NA19098.2.E08" 0.440854617314431 0.273489691194489 0.217913240130116 0.0392411369690723 0.0285013143918914
"NA19098.2.E09" 0.509255887051686 0.186607690956187 0.231610371088331 0.0619460028851556 0.0105800480186416
"NA19098.2.E11" 0.35625151740996 0.210830171174153 0.221590931437043 0.197970351054858 0.0133570289239863
"NA19098.2.E12" 0.361780258581356 0.359797310242279 0.206795235843899 0.0611450770624347 0.0104821182700314
"NA19098.2.F01" 0.192061516510153 0.598490060315966 0.0735833001105876 0.104217359345132 0.0316477637181622
"NA19098.2.F02" 0.446926822581895 0.249628671257225 0.200669260565357 0.0852716949996339 0.0175035505958893
"NA19098.2.F03" 0.439123973449723 0.265528496328291 0.18440696768878 0.0957693706187825 0.0151711919144236
"NA19098.2.F04" 0.353842936885794 0.401587440148628 0.164323210912217 0.0522342476581657 0.0280121643951953
"NA19098.2.F05" 0.390948095568245 0.215200443488104 0.153232441855349 0.217534798414138 0.0230842206741649
"NA19098.2.F07" 0.414540512454691 0.268703502292316 0.17526606475886 0.113301647984947 0.0281882725091867
"NA19098.2.F08" 0.428098049988888 0.272340482212156 0.220179497452562 0.0529197923381804 0.0264621780082134
"NA19098.2.F09" 0.529471209340809 0.232845115826279 0.200472509042173 0.0274345224320602 0.0097766433586785
"NA19098.2.F10" 0.45131221624521 0.311491316400756 0.175819631933821 0.0434534654062042 0.0179233700140092
"NA19098.2.F11" 0.130508589449311 0.591635904631401 0.127924786913041 0.127007746594979 0.0229229724112691
"NA19098.2.F12" 0.486207473810138 0.284946855778978 0.143050261906831 0.0553950048057892 0.0304004036982632
"NA19098.2.G01" 0.22782241201053 0.512915870953645 0.131802919695735 0.0996347169540828 0.0278240803860067
"NA19098.2.G02" 0.405752130376727 0.293946091305783 0.219543225213592 0.0356332239637931 0.0451253291401051
"NA19098.2.G03" 0.450699131209127 0.281865693795341 0.205998926202879 0.0180561298772055 0.0433801189154477
"NA19098.2.G04" 0.47711886812895 0.170332840790586 0.21795177572936 0.113805546062986 0.0207909692881188
"NA19098.2.G05" 0.295398300575889 0.370036013313985 0.206362170965653 0.0990316361350875 0.0291718790093858
"NA19098.2.G06" 0.4234434864338 0.30125272498238 0.234395861718257 0.0180207317630096 0.0228871951025538
"NA19098.2.G07" 0.369830619193196 0.355080710368084 0.1251053543644 0.148877098561174 0.00110621751314551
"NA19098.2.G08" 0.377877373949266 0.345155781042392 0.198623786938775 0.030794625678445 0.0475484323911219
"NA19098.2.G09" 0.480819797327154 0.291017558821576 0.189325117950465 0.0126083123742646 0.0262292135265407
"NA19098.2.G10" 0.220643312161798 0.447715421310334 0.188662575592264 0.0978012168100245 0.0451774741255795
"NA19098.2.G11" 0.254799401353644 0.437472455541709 0.213360639186617 0.0748766210570058 0.019490882861024
"NA19098.2.G12" 0.240330548464891 0.409697027153881 0.284086611222264 0.0305761510034565 0.0353096621555068
"NA19098.2.H01" 0.191553832712229 0.532594888137693 0.154990880137437 0.100384514175975 0.0204758848366653
"NA19098.2.H02" 0.348820104053356 0.329007960278575 0.229995450846543 0.0709830844523756 0.0211934003691505
"NA19098.2.H03" 0.353138553812337 0.315102426463898 0.247603775905565 0.0713149361088607 0.0128403077093402
"NA19098.2.H04" 0.385769096713612 0.290371314126074 0.257773104949847 0.0500579867119779 0.016028497498489
"NA19098.2.H05" 0.469567541589895 0.29113193908551 0.217611830045536 0.0133579381616365 0.0083307511174227
"NA19098.2.H06" 0.393325477838324 0.332251121699506 0.223427501320007 0.0361648147684336 0.0148310843737299
"NA19098.2.H07" 0.131891213753717 0.605717919585368 0.17539754597017 0.0696168988798459 0.017376421810899
"NA19098.2.H08" 0.165539978124823 0.535556220205545 0.171047338504447 0.0957474749279729 0.0321089882372121
"NA19098.2.H10" 0.369586150432834 0.274603491511391 0.186400390588356 0.15420986727341 0.0152001001940093
"NA19098.2.H11" 0.406164038153071 0.350579198311641 0.159361014882759 0.0326686224421256 0.0512271262104041
"NA19098.2.H12" 0.213876134700425 0.515240618272587 0.169801481172448 0.0783430690211523 0.0227386968333873
"NA19098.3.A03" 0.416634938048683 0.338534751901654 0.152870392187265 0.0837760277683287 0.00818389009406979
"NA19098.3.A05" 0.207219235849728 0.517641100461057 0.10833443174946 0.156267831787083 0.0105374001526714
"NA19098.3.A06" 0.311617356537149 0.399104513987186 0.185666776264363 0.10044427296207 0.00316708024923221
"NA19098.3.A07" 0.192870708786143 0.498832286731509 0.156131124682656 0.141675769304031 0.0104901104956602
"NA19098.3.A08" 0.33091093761083 0.296784599238883 0.136017895935464 0.213381458092427 0.022905109122396
"NA19098.3.A12" 0.351761590705064 0.320643101392153 0.194045534335929 0.122335466887693 0.0112143066791604
"NA19098.3.B01" 0.373062683997529 0.363549800202469 0.165450985344055 0.0847858464758283 0.0131506839801177
"NA19098.3.B02" 0.257589502785694 0.476255705838324 0.135832595040463 0.127627755073797 0.00269444126172279
"NA19098.3.B03" 0.397382344020452 0.360930610130179 0.125987705394328 0.109470559018573 0.00622878143646804
"NA19098.3.B04" 0.352685870001766 0.253994848407002 0.189920089231517 0.187949566308279 0.0154496260514364
"NA19098.3.B05" 0.376012458573646 0.26567904764116 0.153616169014063 0.201762699808594 0.00292962496253708
"NA19098.3.B06" 0.229896279982658 0.525255521441673 0.106214385745661 0.124108116937491 0.0145256958925168
"NA19098.3.B07" 0.444787926742884 0.326846570732604 0.0840926447558375 0.115741634883455 0.0285312228852196
"NA19098.3.B08" 0.294180247170887 0.388377693169849 0.147149371514067 0.143514150285846 0.0267785378593505
"NA19098.3.B09" 0.392521510818659 0.3076423922907 0.21959566046077 0.0770479879545231 0.00319244847534814
"NA19098.3.B11" 0.407229837720965 0.266673705917473 0.166612444135469 0.141812024062254 0.0176719881638383
"NA19098.3.B12" 0.319966301210326 0.3374323481574 0.165571944924494 0.175002075690655 0.00202733001712525
"NA19098.3.C01" 0.449161120629219 0.258478787405782 0.137245796726425 0.153829252704124 0.00128504253445021
"NA19098.3.C02" 0.230270914877431 0.461525165204822 0.159254157460281 0.122570720092753 0.0263790423647136
"NA19098.3.C03" 0.381090211054299 0.363344917132632 0.160736535475502 0.0828063018676314 0.0120220344699353
"NA19098.3.C04" 0.388697000721599 0.325649197140799 0.183471322370529 0.0789886505083581 0.0231938292587142
"NA19098.3.C05" 0.405814942421323 0.265346241608574 0.216317904494283 0.106728109925512 0.00579280155030766
"NA19098.3.C07" 0.221434497755375 0.556853717483763 0.115845254356307 0.103139926868559 0.00272660353599602
"NA19098.3.C08" 0.279837812565306 0.52227696724368 0.0738761625333362 0.122604802753708 0.00140425490396931
"NA19098.3.C09" 0.39397697661078 0.230915583839916 0.132869344116257 0.240175065892228 0.00206302954081875
"NA19098.3.C10" 0.376440770913787 0.335123507279618 0.207702081130351 0.0699594666578007 0.0107741740184435
"NA19098.3.C11" 0.393087383611665 0.303243937392882 0.196864403051471 0.076209472387947 0.0305948035560354
"NA19098.3.C12" 0.378018123842083 0.296505337605295 0.177940306048159 0.143925876653219 0.00361035585124426
"NA19098.3.D01" 0.273899024414877 0.439438403468915 0.154549881025552 0.124604012843718 0.00750867824693858
"NA19098.3.D02" 0.210432052931433 0.497067740009204 0.177676504193938 0.103813437319992 0.0110102655454324
"NA19098.3.D03" 0.395668942256712 0.29613005598349 0.0798050798192535 0.209635787656034 0.0187601342845108
"NA19098.3.D05" 0.385305393707716 0.212463187602018 0.139002322997136 0.255104133242469 0.0081249624506604
"NA19098.3.D07" 0.35039249595676 0.305051935573058 0.221872012874391 0.111086856037312 0.011596699558479
"NA19098.3.D09" 0.381293499964394 0.297690296342731 0.092985994154771 0.218573520639394 0.00945668889870892
"NA19098.3.D10" 0.416985240786575 0.242685800885876 0.232669163100258 0.088130532519559 0.0195292627077318
"NA19098.3.D11" 0.394679170808294 0.265498118169302 0.140498052678808 0.168936935141546 0.0303877232020496
"NA19098.3.D12" 0.326239898494718 0.426004350781257 0.127652452673042 0.0974900884519277 0.0226132095990556
"NA19098.3.E01" 0.420369001673702 0.269915298925574 0.210154240407255 0.0828617921913652 0.0166996668021043
"NA19098.3.E02" 0.445078128553627 0.247204553423149 0.226173381561407 0.0622673827494977 0.0192765537123186
"NA19098.3.E03" 0.416558205294666 0.285297615156279 0.222751403268158 0.0726311159701515 0.00276166031074474
"NA19098.3.E04" 0.359813286584374 0.321193750949532 0.191377043181284 0.115375621633265 0.0122402976515456
"NA19098.3.E05" 0.177109917870634 0.569030378133601 0.109371642337505 0.137758260143453 0.00672980151480656
"NA19098.3.E06" 0.129378200557056 0.559860991334553 0.170316111006892 0.124761201664558 0.0156834954369419
"NA19098.3.E07" 0.135182556189551 0.495015551851458 0.173664146463727 0.16957272151996 0.0265650239753046
"NA19098.3.E08" 0.253929884259768 0.517634700964435 0.0858379083348261 0.136038138070469 0.00655936837050255
"NA19098.3.E09" 0.199617072999382 0.515982804994441 0.150409270019842 0.106992258624699 0.0269985933616364
"NA19098.3.E10" 0.362959229026062 0.285811501668113 0.107552442756125 0.234614958959283 0.00906186759041674
"NA19098.3.E11" 0.478092010354471 0.251638374651632 0.193158289605659 0.0693568527570541 0.00775447263118377
"NA19098.3.E12" 0.438132841807687 0.285598229973479 0.191911714593481 0.0681398822711832 0.0162173313541699
"NA19098.3.F01" 0.322930569400239 0.432048448651172 0.155124020212128 0.0819903816132405 0.00790658012321927
"NA19098.3.F03" 0.405658927479539 0.262939978994736 0.221750586937489 0.0972846720118152 0.0123658345764213
"NA19098.3.F04" 0.441987257285988 0.350842131321523 0.145617840038245 0.0582284560661698 0.00332431528807434
"NA19098.3.F05" 0.43986516461767 0.280085491729864 0.168335262221557 0.10320110766205 0.00851297376885926
"NA19098.3.F06" 0.392008121335481 0.290204919658038 0.261977787498107 0.0507819658953502 0.00502720561302336
"NA19098.3.F07" 0.279281534022868 0.425563642527822 0.1651964371387 0.113134751283329 0.0168236350272806
"NA19098.3.F09" 0.436563542523542 0.298943130813394 0.16791966833901 0.0874203915547344 0.00915326676931993
"NA19098.3.F10" 0.331905839173215 0.266492208588876 0.149887770753911 0.241258411195154 0.0104557702888443
"NA19098.3.F11" 0.175960353704642 0.555469321174669 0.131201634853604 0.12281237469963 0.0145563155674549
"NA19098.3.G01" 0.36547163009354 0.316082864009124 0.209405227148082 0.106327798193358 0.0027124805558955
"NA19098.3.G02" 0.175439425700547 0.508300448018992 0.151576976683895 0.163017877706168 0.00166527189039754
"NA19098.3.G03" 0.1359537618135 0.560273299177622 0.120051217475474 0.166497053150488 0.0172246683829154
"NA19098.3.G04" 0.279318055187334 0.484570158551139 0.113500760283037 0.118726459034422 0.00388456694406676
"NA19098.3.G05" 0.443842429610662 0.158690005323095 0.16957562206663 0.227572424660544 0.000319518339068923
"NA19098.3.G06" 0.435345682811704 0.308129530913575 0.152230991161853 0.100029789113225 0.00426400599964308
"NA19098.3.G07" 0.230470298465826 0.502157494296967 0.134633908344618 0.122238539174202 0.0104997597183863
"NA19098.3.G08" 0.182482463849949 0.468236276768068 0.185723311787614 0.15445134689542 0.00910660069894947
"NA19098.3.G09" 0.231182637759296 0.466356511520705 0.11929884417796 0.182149308706302 0.00101269783573699
"NA19098.3.G10" 0.473284287291629 0.216539765588929 0.185014921908681 0.104810806204636 0.020350219006125
"NA19098.3.G11" 0.214573353439556 0.570738736430932 0.0837908507457167 0.113851131179428 0.0170459282043672
"NA19098.3.G12" 0.260305397691273 0.567885632301647 0.0595697773333891 0.101536005197014 0.010703187476677
"NA19098.3.H01" 0.21994279537255 0.494931121691467 0.164592754429848 0.107671275878664 0.0128620526274707
"NA19098.3.H02" 0.43178582166435 0.27424431108347 0.157425277305698 0.121482427870966 0.0150621620755157
"NA19098.3.H03" 0.343812944709856 0.289311630360402 0.139664595586478 0.226820930481116 0.000389898862148026
"NA19098.3.H04" 0.358269086548821 0.262748749002242 0.143195210133722 0.234393738668724 0.00139321564649095
"NA19098.3.H05" 0.400761614547808 0.302561480217162 0.201758295872745 0.0899257347163138 0.00499287464597142
"NA19098.3.H06" 0.48379445052381 0.248328497286731 0.195836035684457 0.0620612194803526 0.00997979702464896
"NA19098.3.H07" 0.249245424512975 0.557358186620078 0.0578607012092455 0.113800223706098 0.0217354639516035
"NA19098.3.H08" 0.261846259950115 0.485180750174779 0.12081164744193 0.102569484924928 0.0295918575082483
"NA19098.3.H09" 0.302347052926872 0.418712156460188 0.187947017396544 0.086451901132333 0.00454187208406275
"NA19098.3.H10" 0.406035053112943 0.274545547071654 0.144556635218085 0.161915653912063 0.0129471106852548
"NA19098.3.H11" 0.298885247614189 0.385804736687646 0.191328761604556 0.0998145451239358 0.024166708969673
"NA19098.3.H12" 0.406957505014662 0.296691596769323 0.184220445156619 0.0946508217029348 0.0174796313564615
"NA19239.1.A01" 0.333007417688878 0.169160193155756 0.355531734262896 0.131479642073637 0.0108210128188326
"NA19239.1.A02" 0.20605345698663 0.236987273702848 0.363219220413183 0.174613428049745 0.0191266208475941
"NA19239.1.A03" 0.402411870598028 0.1873135066673 0.283865240045168 0.0942750627319899 0.0321343199575144
"NA19239.1.A04" 0.261866197764481 0.199003560126281 0.415376754545354 0.103197492504019 0.0205559950598646
"NA19239.1.A05" 0.403037907297005 0.126067257914002 0.359553156456163 0.101449517181103 0.00989216115172686
"NA19239.1.A06" 0.31683904068009 0.146442074126658 0.349849767549272 0.163024117283172 0.0238450003608078
"NA19239.1.A07" 0.254553066390939 0.266095898837128 0.358087656617858 0.0914095856330306 0.0298537925210447
"NA19239.1.A08" 0.360211839947559 0.189649481481359 0.357652143734754 0.0665436300419342 0.0259429047943937
"NA19239.1.A09" 0.254165841368649 0.223078457450134 0.302467657488743 0.184523051936684 0.03576499175579
"NA19239.1.A10" 0.311909257665042 0.187418488317433 0.390572097634607 0.0895333442009308 0.0205668121819871
"NA19239.1.A11" 0.267200597033442 0.159130786726596 0.364055516381856 0.202026980716706 0.0075861191413991
"NA19239.1.A12" 0.287033286203322 0.218499986950896 0.380333396651777 0.101433284481764 0.012700045712242
"NA19239.1.B02" 0.307789869549153 0.23986989440745 0.257662618903623 0.188590407221713 0.00608720991806066
"NA19239.1.B03" 0.336692052244427 0.143510628855551 0.445611762859 0.0631443073978344 0.0110412486431877
"NA19239.1.B05" 0.281592019988716 0.258493239119948 0.365822657735793 0.0794549869286323 0.0146370962269112
"NA19239.1.B06" 0.193912736732805 0.289250972973642 0.3909227505981 0.0961675881989168 0.0297459514965366
"NA19239.1.B07" 0.380749791849512 0.230465720225644 0.337898997000939 0.0329556755403356 0.0179298153835699
"NA19239.1.B08" 0.388152686781545 0.10031871687859 0.413927159240592 0.0791893401916444 0.0184120969076283
"NA19239.1.B09" 0.359291568603831 0.133868716897692 0.437540573700096 0.0615215281743856 0.0077776126239951
"NA19239.1.B10" 0.211743576163867 0.329850768796016 0.334592509861995 0.0865304096687672 0.0372827355093545
"NA19239.1.B11" 0.378945979081281 0.0214135284593314 0.407255866660269 0.191072582529756 0.00131204326936256
"NA19239.1.B12" 0.473200233533279 0.0737469120845343 0.356874075961916 0.0776069486595945 0.0185718297606764
"NA19239.1.C01" 0.27271806342664 0.18298388491643 0.358877369135325 0.171760990025635 0.0136596924959698
"NA19239.1.C02" 0.42884962757577 0.0855869133310992 0.374065462983317 0.0885395553054327 0.0229584408043814
"NA19239.1.C03" 0.475559972075751 0.0935286632823935 0.354367973556677 0.0645399239444494 0.0120034671407293
"NA19239.1.C05" 0.364708243558637 0.105278225270487 0.347207820265496 0.182169490528154 0.000636220377226549
"NA19239.1.C06" 0.365880418754405 0.0841771545396564 0.317060741283576 0.222769251638926 0.0101124337834363
"NA19239.1.C07" 0.166815493898653 0.354793006260624 0.370660621561801 0.0870286643859314 0.0207022138929906
"NA19239.1.C08" 0.335635425910362 0.0924186128632406 0.378293506436717 0.192601501724788 0.00105095306489263
"NA19239.1.C09" 0.4803211518222 0.0495464516246141 0.388972351016945 0.0710109251828058 0.0101491203534356
"NA19239.1.C10" 0.406075691615979 0.0890698941861348 0.363632024485027 0.140728352600334 0.000494037112526276
"NA19239.1.C11" 0.274288907132009 0.253594455129804 0.377610376165917 0.0751528697435183 0.0193533918287522
"NA19239.1.C12" 0.383216204237275 0.0654219526036398 0.319427028122558 0.221770493382293 0.0101643216542342
"NA19239.1.D01" 0.441202001398371 0.0502206791979378 0.375551672896631 0.131036491905915 0.00198915460114475
"NA19239.1.D02" 0.450338122378844 0.127987297433116 0.3431811556932 0.0632310012106392 0.0152624232842004
"NA19239.1.D03" 0.185058433678291 0.264404697074391 0.360875042982401 0.163165931289986 0.0264958949749316
"NA19239.1.D04" 0.294353438152075 0.18666142459658 0.358643176156666 0.154035021599311 0.0063069394953669
"NA19239.1.D05" 0.460676668906398 0.0768456191180944 0.3759372823449 0.0621324892484083 0.0244079403821992
"NA19239.1.D06" 0.349938512913396 0.142156400588923 0.364253639826884 0.137628453525244 0.00602299314555328
"NA19239.1.D07" 0.128927147488228 0.40045484640384 0.319995044865122 0.109358047718537 0.0412649135242731
"NA19239.1.D08" 0.479397738320158 0.0515216514419468 0.347459183935911 0.113190701459967 0.00843072484201716
"NA19239.1.D09" 0.414040824102947 0.138778809246333 0.362671318743702 0.0662897797019456 0.0182192682050725
"NA19239.1.D10" 0.326521935205655 0.150338012155993 0.410273688185818 0.0997979118297414 0.0130684526227927
"NA19239.1.D11" 0.397528030047474 0.142098523172318 0.41073817311918 0.0420054972042487 0.00762977645677901
"NA19239.1.D12" 0.314026400530947 0.213105942194427 0.290351885515608 0.163009653668795 0.0195061180902221
"NA19239.1.E01" 0.411056197332884 0.108537950679179 0.395677737229152 0.0715259848102009 0.0132021299485839
"NA19239.1.E02" 0.425224161454543 0.0478383249516794 0.330445344072006 0.18444552565216 0.012046643869612
"NA19239.1.E03" 0.349657271427849 0.123826377195936 0.376883298526564 0.117868753203512 0.0317642996461377
"NA19239.1.E04" 0.424369849703174 0.0627879425056223 0.408800716587498 0.0924368399634502 0.0116046512402559
"NA19239.1.E05" 0.215877726596864 0.293094650812171 0.348237811760012 0.124042626190833 0.0187471846401194
"NA19239.1.E06" 0.263878810018832 0.110827000907382 0.451582316280221 0.157692767321885 0.0160191054716809
"NA19239.1.E07" 0.303165680622395 0.120277013520196 0.371152791786481 0.198361716631267 0.00704279743966067
"NA19239.1.E08" 0.414441244720414 0.0314995254001891 0.340512943186516 0.205710948921239 0.00783533777164264
"NA19239.1.E09" 0.39070211485309 0.094317908327103 0.404914697601029 0.0977991088885989 0.0122661703301791
"NA19239.1.E10" 0.378266488443966 0.104601425850749 0.376317050000901 0.133731818823762 0.00708321688062124
"NA19239.1.E11" 0.331767597693103 0.118623632735806 0.338724761665924 0.199916685617797 0.0109673222873693
"NA19239.1.E12" 0.39553839139476 0.122670351246809 0.397949614033363 0.0523288655414342 0.0315127777836331
"NA19239.1.F01" 0.420138984887486 0.0817857607502738 0.400974887959669 0.0859105714314945 0.0111897949710765
"NA19239.1.F02" 0.347558615437107 0.196644486490448 0.381157477052942 0.0592834065395102 0.0153560144799923
"NA19239.1.F03" 0.413662128232158 0.120539626804846 0.390831058036402 0.054746651787665 0.0202205351389288
"NA19239.1.F04" 0.370140686663692 0.119255257232933 0.421799386873982 0.0774134635923557 0.0113912056370377
"NA19239.1.F05" 0.172607716513478 0.327799473565073 0.329397298861808 0.139691418612557 0.0305040924470831
"NA19239.1.F06" 0.445653660780327 0.0914744979556023 0.391424870064473 0.0580760299572512 0.0133709412423468
"NA19239.1.F07" 0.387647430918389 0.141612640348112 0.391341789308622 0.0619466362119025 0.0174515032129742
"NA19239.1.F08" 0.390874262191137 0.0732131519132583 0.341068989373581 0.193467630457506 0.00137596606451777
"NA19239.1.F09" 0.378970575898086 0.0904816392538023 0.392518459017296 0.110214293125197 0.0278150327056188
"NA19239.1.F10" 0.464269728300893 0.0371340566338926 0.35891048037997 0.116583535999688 0.0231021986855563
"NA19239.1.F11" 0.309604166788653 0.153280674388003 0.3922417302373 0.134782884625576 0.0100905439604674
"NA19239.1.F12" 0.425730590134298 0.139894384721883 0.293378489778746 0.125675432355702 0.0153211030093701
"NA19239.1.G01" 0.329716339094828 0.16608479371643 0.419910960215922 0.0733358398013623 0.0109520671714571
"NA19239.1.G02" 0.335318027633609 0.20630568361325 0.345007051448839 0.0858397963511656 0.0275294409531365
"NA19239.1.G03" 0.300071873570211 0.178127340976387 0.344151490204215 0.171268866604984 0.00638042864420345
"NA19239.1.G04" 0.330824464612041 0.132051696869308 0.389460184434765 0.138402284559363 0.00926136952452284
"NA19239.1.G05" 0.300418417387427 0.234793711503542 0.376175992527909 0.0813951232594785 0.00721675532164391
"NA19239.1.G06" 0.348202437221156 0.1738563570504 0.349659157748132 0.113536610743599 0.0147454372367127
"NA19239.1.G07" 0.318902360795233 0.18362903646239 0.349247889985726 0.12974855327728 0.01847215947937
"NA19239.1.G08" 0.337269707252375 0.239690677857482 0.31451745334563 0.0894454224894509 0.0190767390550619
"NA19239.1.G09" 0.417490510750619 0.186439239822483 0.327787297443455 0.0567284117007495 0.0115545402826944
"NA19239.1.G10" 0.426125297868177 0.116644906316587 0.373839152947953 0.078955079837492 0.00443556302979125
"NA19239.1.G11" 0.385398196233424 0.0992383798353314 0.355233503496903 0.152052334043264 0.00807758639107766
"NA19239.1.G12" 0.400117883314424 0.129232713254614 0.385266351668157 0.0814383975273853 0.0039446542354193
"NA19239.1.H01" 0.329118933532172 0.157061754677883 0.330316494346376 0.178148185484714 0.00535463195885526
"NA19239.1.H03" 0.460794078628644 0.0841320365599694 0.354479648632344 0.0819681063795257 0.0186261297995166
"NA19239.1.H04" 0.284787060834717 0.256547311014898 0.377131302479908 0.0580779420680062 0.0234563836024714
"NA19239.1.H05" 0.301958698974601 0.101110268773753 0.446910184586548 0.11194809055383 0.0380727571112672
"NA19239.1.H06" 0.349499292227053 0.0905022398625403 0.389217651971406 0.15407827328234 0.0167025426566601
"NA19239.1.H07" 0.354595649502388 0.105574634400547 0.366918236359524 0.154198494981237 0.018712984756304
"NA19239.1.H08" 0.388016795257592 0.150288200507395 0.385149768028716 0.0610486952057401 0.0154965410005573
"NA19239.1.H09" 0.286388128965578 0.166825336677211 0.337484003371662 0.191969057869766 0.0173334731157834
"NA19239.1.H10" 0.495157318227535 0.0647360441370285 0.308513323056589 0.129426341165107 0.00216697341374089
"NA19239.1.H11" 0.500927059478392 0.00445479841366653 0.40903701591443 0.0644162904104737 0.0211648357830369
"NA19239.1.H12" 0.463197594946065 0.00364728872749971 0.348913642097308 0.176143278901231 0.00809819532789573
"NA19239.2.A01" 0.388453196407792 0.277023556147057 0.251335028134151 0.0506094778269421 0.0325787414840573
"NA19239.2.A02" 0.387559104867737 0.168436949720038 0.299062642795531 0.127512178009469 0.0174291246072245
"NA19239.2.A04" 0.352898913483364 0.177307295871872 0.211081545280056 0.243358508635881 0.0153537367288271
"NA19239.2.A05" 0.345933574890438 0.18599160253997 0.400717530057878 0.0446858799964006 0.0226714125153134
"NA19239.2.A06" 0.36484796429537 0.223573881624621 0.162589007490618 0.240066167769578 0.00892297881981349
"NA19239.2.A07" 0.357209414748674 0.189596485332277 0.37034614405189 0.0555248121076449 0.0273231437595147
"NA19239.2.A08" 0.4106283361849 0.151865962086973 0.298933769965807 0.134827866449038 0.003744065313282
"NA19239.2.A09" 0.347737353546513 0.20329397573412 0.330479622860226 0.0926693908515818 0.0258196570075584
"NA19239.2.A10" 0.121886209593866 0.445093621741736 0.27668671057014 0.122068299971858 0.0342651581224
"NA19239.2.A11" 0.355922548190919 0.18533311511364 0.345330842675298 0.061960337862628 0.0514531561575155
"NA19239.2.A12" 0.348633569889214 0.210551507108284 0.270576628419512 0.135191500156644 0.0350467944263463
"NA19239.2.B01" 0.110617884379281 0.462953442887222 0.226345568751697 0.143537437671571 0.0565456663102287
"NA19239.2.B02" 0.416046906330039 0.252984120095006 0.265894552482499 0.0463412535074099 0.018733167585046
"NA19239.2.B03" 0.158110725933199 0.474295002420073 0.228753507544033 0.13640324976057 0.00243751434212538
