"1" "2" "3" "4" "5" "6" "7"
"NA19098.1.A01" 0.249402600620414 0.054749524859209 1.73658919635797e-06 0.143294496666235 0.0786786557185572 0.423461618544576 0.0504113670018133
"NA19098.1.A02" 0.297929733719531 0.241485866130764 6.71200456326779e-06 0.10559971668484 1.99810516241055e-06 0.336945682275151 0.0180302910799877
"NA19098.1.A04" 0.154044075040703 0.0219369313036208 0.17084731054479 0.188288295661801 0.109731629787857 0.352691063542479 0.00246069411874895
"NA19098.1.A05" 0.402798213116104 0.034290617221008 0.0105952019978086 0.123258325744419 0.0663218655503771 0.291435186599006 0.0713005897712785
"NA19098.1.A06" 0.145604290144852 0.120147072602848 0.158721623206396 0.343633999980405 4.82703799028858e-06 0.195676967836805 0.0362112191907032
"NA19098.1.A07" 0.152936146516038 0.20515600051356 0.0670828846523773 0.209208876308153 8.19693103194408e-06 0.342355822797762 0.0232520722810772
"NA19098.1.A08" 0.0527440789130332 0.306793828011561 0.0941007065476869 0.325164944448067 0.0315479994002999 0.102867525083127 0.0867809175962255
"NA19098.1.A09" 0.497660634421393 0.0509067058938253 0.0866851885527851 0.0167763481424582 8.16243797620092e-07 0.253068770208204 0.0949015365375367
"NA19098.1.A10" 0.225237693495924 0.156293698668258 0.111452509574448 0.267717998711493 0.015758469844948 0.113314931589398 0.11022469811553
"NA19098.1.A11" 0.289746776701901 0.0650579197237866 0.0393719852456774 0.211264632620683 0.0507587837235633 0.287878115078857 0.0559217869055314
"NA19098.1.A12" 0.427502307634392 0.00999170597983561 0.0556645259594676 0.204728796380963 3.18449101108849e-06 0.20075120244299 0.101358277111341
"NA19098.1.B01" 0.377400920283053 0.191579329220669 0.0012021280553333 0.187903234133526 0.002607676596201 0.175133148039677 0.06417356367154
"NA19098.1.B02" 0.275826073525402 0.133594492311425 0.155227941335468 0.154698490714723 1.53206710752631e-06 0.210758455039525 0.0698930150063503
"NA19098.1.B03" 1.57573979479898e-05 0.161158825979662 0.0221660938134332 0.313772093941077 0.131011400711713 0.301792400829481 0.0700834273266853
"NA19098.1.B05" 0.405017958551999 0.0220003378414285 0.0511159083260449 0.200398278236877 0.0412334781423041 0.178097459860713 0.102136579040634
"NA19098.1.B06" 0.377144108323402 1.02654331006217e-05 2.94670743945466e-06 0.188661722117739 0.162888649467199 0.193447929730155 0.0778443782209661
"NA19098.1.B07" 0.499520953766834 0.0971703751352019 0.012848575330459 0.121997510001303 2.44051015428563e-06 0.206905668076402 0.0615544771796457
"NA19098.1.B08" 0.192296042831453 0.138708031965723 0.0650206819028132 0.376378622315968 0.0142843471475015 0.0866448685780915 0.12666740525845
"NA19098.1.B09" 2.37521351290384e-06 0.0352391058856051 0.227275268392761 0.300580796600221 0.0625808575804894 0.241629285683522 0.132692310643889
"NA19098.1.B11" 5.20396017283462e-06 0.032147479278171 0.189241082926532 0.347758172899289 0.0920846099478723 0.286214059509568 0.0525493914783938
"NA19098.1.B12" 0.331787967833212 0.0823188211406387 0.106290258351211 0.245288049370428 0.0151704772396049 0.138004812957316 0.08113961310759
"NA19098.1.C01" 0.233352717866662 0.111733562255383 0.0354245161325063 0.355382226709066 9.19193782046192e-05 0.197145975645343 0.0668690820128355
"NA19098.1.C02" 0.35420040771016 0.114374199873472 0.0143316618537717 0.251920710238003 0.054626787398933 0.150649303277225 0.059896929648435
"NA19098.1.C03" 0.417590678113145 0.0524551217155623 3.98532413150656e-06 0.110863476180466 0.0879266227974571 0.261660744268076 0.0694993716011614
"NA19098.1.C04" 0.473689640554377 6.49480825956606e-06 1.93157916387767e-05 0.110692930011396 0.0950313308192884 0.282180511570288 0.0383797764447526
"NA19098.1.C05" 0.0599953879633284 0.0796742659364416 0.0947705898183998 0.404528215565686 0.164103548432077 0.124172802749938 0.0727551895341294
"NA19098.1.C06" 0.255653022837865 0.0461937476389028 0.200641320019009 0.166283859329878 0.163698550498035 0.0702281229162674 0.0973013767600431
"NA19098.1.C07" 0.10367317127214 0.0931707102943297 0.124600676132837 0.469982311587669 0.048614264307626 0.0795200018734035 0.0804388645319953
"NA19098.1.C08" 0.360953511024098 3.0858172807296e-05 0.0130119227321921 0.104845389376398 0.0510881747481075 0.444447119642325 0.0256230243040716
"NA19098.1.C09" 0.327751322953091 1.25364643923836e-05 0.0934148231492799 0.227979098151153 0.0346540119369749 0.249883464930361 0.0663047424147478
"NA19098.1.C10" 0.581067211167169 0.0147618292841743 1.23795028479507e-05 0.136055645105492 0.000363449108067396 0.220401998481341 0.0473374873509081
"NA19098.1.C11" 0.100853280109057 0.0917966476416176 0.127697331037151 0.470659487081176 0.109457237452508 0.0447941615670684 0.054741855111423
"NA19098.1.C12" 9.5067688470387e-06 0.0435797446847351 0.127319131067151 0.350382590609559 0.175698388035535 0.279496899930401 0.0235137389037727
"NA19098.1.D01" 0.259892029299396 0.0159768245664724 1.87936612012888e-05 0.233794777971997 0.20358141255602 0.266202902212876 0.0205332597320371
"NA19098.1.D02" 0.174379142431464 0.0319845194057852 0.113338498443689 0.393089896064845 0.135301403908447 0.0635513502413872 0.0883551895043835
"NA19098.1.D03" 0.3589340014333 0.0977211976195894 0.046262840362966 0.25916998741072 1.04650165205963e-05 0.196808281149946 0.0410932270069575
"NA19098.1.D04" 0.177193783570151 0.0904744609153006 0.160676312703438 0.335005351101972 0.109435077073697 0.0980999418029378 0.0291150728325043
"NA19098.1.D06" 0.0736588854713131 0.0940713073125617 0.18510863527805 0.478978769275538 0.109721041498917 0.0150185053872343 0.0434428557763856
"NA19098.1.D08" 0.0588938583000973 0.00490957527207082 0.110202488684445 0.491787978003188 0.138460687093862 0.0821895042749438 0.113555908371393
"NA19098.1.D09" 0.292327349229599 4.24642263530341e-06 0.0135849074739343 0.215447608212806 0.0829436567170871 0.323710531571253 0.0719817003726864
"NA19098.1.D10" 0.319068254645559 6.00295310658299e-06 0.0557122948889668 0.340992322281562 0.0349617100523385 0.216646995824425 0.0326124193540423
"NA19098.1.D11" 0.179682274466249 5.24133444992984e-06 0.145623516805763 0.164240967253046 0.120067076156662 0.3747278322177 0.0156530917661303
"NA19098.1.D12" 0.54204216268417 1.82011511797569e-05 0.0124015740465595 0.209006371724081 0.0142903176459336 0.173183098373278 0.0490582743747977
"NA19098.1.E01" 0.13866315034383 5.55375923919157e-06 0.307308318778722 0.314677023414502 2.71518701683034e-06 0.239339902579511 3.33593717880705e-06
"NA19098.1.E02" 0.0914361590593401 0.0921486775238239 0.101619876226175 0.461213845426354 0.127395143571076 0.0754845281850838 0.0507017700081475
"NA19098.1.E03" 0.374705327784164 1.25035604952011e-05 0.0926613178681094 0.301794325163335 0.0673350160126099 0.102614218244003 0.0608772913672841
"NA19098.1.E05" 0.307266486054288 0.0169410132454852 0.0202180954243611 0.275445632689934 0.000246957561780515 0.378699132290442 0.00118268273370827
"NA19098.1.E06" 0.35149914728741 0.0168831005261963 0.0824439242862172 0.227089365541204 0.0888292419934925 0.164378908910135 0.068876311455345
"NA19098.1.E07" 0.103791246215954 2.31527610402095e-05 0.0363982449510289 0.293515880443979 0.247900672390822 0.264853220543857 0.0535175826933189
"NA19098.1.E08" 0.336024181615101 0.0108123153453347 0.0599005549521654 0.361979592647133 0.0776002461839271 0.08192198660626 0.0717611226500789
"NA19098.1.E09" 0.157770316043453 0.0453082812228237 0.099539764806216 0.405287832286556 0.0556704970213235 0.144776762669502 0.0916465459501256
"NA19098.1.E10" 0.484846700260283 8.00759464581355e-06 0.0297926535417246 0.195748703533293 0.0354568682748165 0.170524577028136 0.0836224897671015
"NA19098.1.E11" 0.0867441195414657 0.118164468518077 0.072072076712006 0.445329717219169 0.187884196385446 0.0637024623028719 0.026102959320965
"NA19098.1.E12" 1.13386524873112e-05 0.0622460216003026 0.284905969863086 0.410889491277836 0.0240266625725144 0.19940212907419 0.0185183869595837
"NA19098.1.F01" 0.116975709307626 7.45462807310622e-05 0.164835834096925 0.359484374125316 0.162391699559079 0.0495412198088342 0.146696616821489
"NA19098.1.F02" 0.374279081363388 0.0420634276710152 0.120652423520299 0.280823346999863 0.045023002042385 0.0717629266773351 0.0653957917257154
"NA19098.1.F03" 0.545789444819066 1.84428347551905e-05 2.83772415923671e-06 0.179866515599327 0.0356348249915382 0.177715831140783 0.0609721028903713
"NA19098.1.F07" 0.236440452580152 5.37574476281507e-06 0.141713160019912 0.0868167071579603 0.137362457618895 0.36363230275006 0.0340295441282573
"NA19098.1.F08" 0.393512770264751 0.0207522064410352 2.32264995660732e-05 0.144704896845427 0.130916814116859 0.301318916137985 0.00877116969437784
"NA19098.1.F09" 0.384824628660252 0.0437091605177735 0.0372479306384844 0.223365923347377 2.20622531757548e-06 0.260222408276316 0.0506277423344794
"NA19098.1.F10" 0.0303931451593454 0.145407161621216 0.237642080599353 0.476313212324474 0.0195329646296702 0.0844893166455135 0.00622211902042877
"NA19098.1.F11" 0.456921842134761 1.91668567321922e-05 0.0215249219126498 0.209816355835673 0.0132966441238679 0.212443795585052 0.0859772735512636
"NA19098.1.F12" 0.352106492108055 4.03350400863672e-06 1.50625057807361e-05 0.245943208021453 0.102142093905662 0.227891057892133 0.0718980520629084
"NA19098.1.G01" 0.161412041578864 0.0430358041195494 2.0626220192596e-06 0.292063043695111 0.14658669293771 0.340346897501841 0.016553457544905
"NA19098.1.G02" 0.125496564720324 0.0979249503163175 0.288445601551056 0.307322832886589 1.71585818249222e-06 0.119794955670618 0.0610133789969126
"NA19098.1.G03" 0.215700805089239 1.7823862795336e-05 0.0699047944480041 0.222669229182225 0.181384280110214 0.263563206851781 0.0467598604557406
"NA19098.1.G04" 0.41019065099575 1.72987491823154e-05 0.00944594746294808 0.201066477440738 0.0914447914790773 0.260019769279666 0.0278150645926392
"NA19098.1.G05" 0.393881336903926 2.67679973622002e-05 0.0190724891586411 0.269440154133747 0.0599675759007396 0.174243284599252 0.0833683913063324
"NA19098.1.G06" 0.125499355420923 0.0506601147893216 0.118362299933323 0.38833198000607 0.0888793738438464 0.177270392297588 0.0509964837089273
"NA19098.1.G07" 0.119968485674469 0.0643678629631177 0.0492315574968067 0.348341594085735 0.158561156515269 0.176503304888324 0.0830260383762782
"NA19098.1.G08" 0.195873494747221 0.0880815397074721 0.206684562752843 0.205910357346853 2.54958606427356e-06 0.264872460302857 0.0385750355566888
"NA19098.1.G09" 0.398754789707007 0.0370985642969818 0.0523644190582311 0.1451356712171 0.0174245525152518 0.240088105727296 0.109133897478132
"NA19098.1.G10" 0.135475897563375 0.120287132951085 0.141736847581167 0.368824985219213 5.24574857128924e-06 0.181977999587411 0.0516918913491773
"NA19098.1.G11" 0.0888736688942987 0.143927025577686 0.132947801366637 0.446741286641227 0.0755251490148399 0.0675773518444785 0.0444077166608323
"NA19098.1.G12" 0.418839889285114 4.44431678380998e-05 0.0084275258722946 0.125279123615743 0.0532619935297286 0.357220100585455 0.0369269239438266
"NA19098.1.H01" 0.220815947418008 0.17246137222691 0.0508676390850015 0.278640706509445 6.85165520770144e-06 0.203535162118356 0.073672320987072
"NA19098.1.H02" 0.131992342899917 0.0960154217335087 0.0615324862736238 0.220296555266682 0.133316336415496 0.302491978443106 0.0543548789676664
"NA19098.1.H03" 0.321932566705699 1.2339134304038e-05 0.0298639280716204 0.099128127628591 0.104757394658845 0.397246151127145 0.0470594926737956
"NA19098.1.H04" 0.469139363131206 0.0428509814631002 3.67720657520304e-05 0.0992244076665312 0.0560911026030794 0.259840021871711 0.0728173511986202
"NA19098.1.H05" 0.531943796035651 0.00951757160646438 1.49504841432674e-06 0.154079578544894 0.0028279345448724 0.281021695285607 0.0206079289340968
"NA19098.1.H06" 0.0230508384898128 2.22563160912226e-06 0.169430745963692 1.14810605552793e-05 0.332406619767987 0.383821524015008 0.0912765650713363
"NA19098.1.H07" 0.368689896669507 1.33166824609863e-05 0.0538822206691388 0.0956201667524674 0.127096287024112 0.287241732045377 0.0674563801569364
"NA19098.1.H10" 0.145637959785588 0.0900088781107158 0.309676383059281 0.216114976416673 0.033339291466692 0.158766917594655 0.0464555935663953
"NA19098.1.H11" 0.365468931694465 0.0321220403819936 0.0849391277395174 0.222854350578239 0.100057009433026 0.106543668665733 0.0880148715070264
"NA19098.1.H12" 0.115972420103048 0.0501074076892583 0.0699720088152024 0.285815275712592 0.130402830468971 0.338573604402254 0.00915645280867545
"NA19098.2.A05" 0.048846615164626 0.0874214394444789 0.277376000889956 0.321793196861612 0.00343522974659129 0.240637456134648 0.020490061758088
"NA19098.2.A07" 4.80448806432888e-06 0.146331533307588 0.338944875361358 0.230486976772555 2.21872708412655e-06 0.245161059516391 0.0390685318269595
"NA19098.2.B03" 0.116408272948966 0.108874706252099 0.253196754678179 0.180383864373316 4.55240027131206e-06 0.328860476650172 0.0122713726969976
"NA19098.2.B06" 9.14420946333205e-06 0.0664966198744352 0.390626968877149 0.300631791270703 1.51752305150424e-06 0.210359174300736 0.0318747839444628
"NA19098.2.B08" 5.36292468214523e-06 0.13382415777079 0.335396488401719 0.264822878648182 1.43483879650129e-06 0.259947622706853 0.00600205470897703
"NA19098.2.B10" 0.207586716296848 0.0352893086220575 0.341285774741356 0.163585058779405 1.02455183751901e-06 0.245689555108535 0.00656256189996097
"NA19098.2.C01" 0.000118834833473331 0.0643714511866179 0.321841705688552 0.221151377522298 0.0654813503910497 0.326620518671442 0.000414761706567109
"NA19098.2.C06" 0.169033684914125 5.58991547643728e-06 0.180238302544416 0.14017452946809 0.127794151260912 0.373108431750166 0.00964531014681425
"NA19098.2.C07" 0.0760713724127897 0.0616839639659234 0.254723455497213 0.246154413375941 0.0528902498811946 0.301841735359542 0.00663480950739644
"NA19098.2.E08" 0.150121626010753 1.23175563036259e-05 0.33064080128955 0.215525752011333 0.0339548550321119 0.247506936714166 0.0222377113857824
"NA19098.2.E11" 5.00449166072239e-06 0.0767533237014041 0.382016654265274 0.312245085153778 2.6701805841554e-06 0.224555557070915 0.00442170513638448
"NA19098.2.F04" 0.203752402640923 2.53936261835457e-06 0.246517473470133 0.0814151921813444 0.0700033733627571 0.388980474406668 0.00932854457555615
"NA19098.2.F07" 0.126144757557927 0.0329312266449571 0.296310803925152 0.231343110544031 6.27621039539116e-05 0.312362975389366 0.00084436383461321
"NA19098.2.G08" 0.220644503331325 0.00407531346046765 0.294233237290889 0.0782262876403106 9.65737572239903e-06 0.355269169700412 0.0475418312008731
"NA19098.2.G12" 0.15609634905689 9.90541243650538e-06 0.355629160680286 0.149976386632158 0.109026373525193 0.161267972088432 0.0679938526046051
"NA19098.3.A03" 0.0699472014955995 0.168147045227791 0.304028681653911 0.262657432854441 0.018420089867128 0.138028518701521 0.038771030199608
"NA19098.3.A06" 0.271771114318647 0.0202720403120381 0.176017606877902 0.131369447057483 0.269560419599207 0.104358709548809 0.0266506622859143
"NA19098.3.A08" 0.0934851687874922 0.175543230211667 0.109931188328085 0.317434297818692 0.125635796034997 0.123543228943022 0.0544270898760453
"NA19098.3.A12" 0.242798571615949 0.0135322816806799 0.291292234830372 0.190451497208276 0.0520121221937276 0.192061574541904 0.0178517179290914
"NA19098.3.B01" 0.0178049328402664 0.0563201733167095 0.416275863038538 0.11929746374934 0.0740852032762659 0.316213075586139 3.28819274141059e-06
"NA19098.3.B03" 0.394931859603493 0.0948326036163268 0.0969081023612366 0.116094277726586 0.0354345925001633 0.202832971196575 0.0589655929956204
"NA19098.3.B04" 0.0947609973551487 0.117464813187903 0.198965847522827 0.420419139820109 0.14582394278784 2.33940910400009e-06 0.022562919917068
"NA19098.3.B05" 0.0633022828853922 0.118020707647543 0.259274691774985 0.422661487030232 0.117091446382569 0.0196351818171541 1.42024621240595e-05
"NA19098.3.B07" 0.418789662563786 0.0413286904274339 0.158041856703199 0.160813685151984 9.20664257927433e-06 0.192384762964054 0.0286321355469636
"NA19098.3.B09" 0.255575704079094 0.0538310364841724 0.584710968959441 0.0713580258481539 8.61707172020662e-07 0.034518228682285 5.17423968146478e-06
"NA19098.3.B11" 0.170216179137288 0.0634450275090186 0.0979829898187021 0.404981737334968 0.216104817835189 0.0296858474963734 0.0175834008684617
"NA19098.3.B12" 0.0657782595632894 0.0462555139091 0.2566789089453 0.398186651323659 0.182175754825465 0.0155247729179385 0.0354001385152475
"NA19098.3.C01" 0.150908332629592 0.0957770187458176 0.220673561531389 0.25912887003681 0.137694039674241 0.135739477408536 7.86999736141894e-05
"NA19098.3.C03" 0.190537111361754 2.16150924116535e-05 0.211790218824323 0.147588614696645 0.204523436730956 0.245536699212646 2.3040812630183e-06
"NA19098.3.C04" 0.460192481508825 4.57701258497452e-06 0.155730595167737 0.121362344001157 0.0898043549667001 0.160719357718601 0.0121862896243945
"NA19098.3.C05" 0.0754320407554585 0.079615069182627 0.275214785867512 0.378692077280505 0.143330221614142 0.0477000888975136 1.57164022411177e-05
"NA19098.3.C09" 0.051867735582839 0.0873210523540681 0.30412517026144 0.440274390737303 0.106054284441924 1.65214463378507e-06 0.0103557144777912
"NA19098.3.C10" 0.307443011832722 5.97151811774162e-06 0.31875898735509 0.210259041495441 0.0277216172899395 0.13081438879932 0.00499698170936919
"NA19098.3.C11" 0.418990750279681 0.00287378563889358 0.120686392127189 0.168159198678481 0.181429093695259 0.104108412390196 0.00375236719030081
"NA19098.3.C12" 0.0268453994985734 0.02194649694881 0.218828893662442 0.368022258319207 0.180663956897012 0.183692203770355 7.90903599879635e-07
"NA19098.3.D02" 3.03199718137363e-06 1.36743811580777e-06 0.391448031609786 0.051110714698233 0.362895934845566 0.121625726132336 0.0729151932787818
"NA19098.3.D03" 0.146007627464369 0.0532996662772079 0.237467056114363 0.392590603146514 0.0789391933339582 0.0687868298973529 0.022909023766235
"NA19098.3.D05" 0.052177153854043 0.0936082079976575 0.280228209030141 0.456140130596769 0.115537652644455 0.00229192017774678 1.6725699187037e-05
"NA19098.3.D07" 0.0913887677001282 0.0115410829670536 0.514980887721771 0.301332354246812 0.00442262188130055 0.00442309026077307 0.0719111952221616
"NA19098.3.D09" 0.15499161810186 0.0227446733850298 0.232388951056423 0.385614605090688 0.136038788393852 0.0480965605196779 0.0201248034524695
"NA19098.3.D10" 0.443446089906649 0.00254895533258388 0.219081802905581 0.0860162122570746 0.143988135525905 0.104672077142347 0.000246726929859238
"NA19098.3.D11" 0.135326655572275 4.7304769026856e-05 0.178089721670183 0.386801725962126 0.211722033509268 0.0760286536539248 0.011983904863196
"NA19098.3.D12" 0.290687985974683 1.81477649929381e-06 0.0778553012757613 0.102858601631062 0.257831345582302 0.270763338227587 1.61253210660248e-06
"NA19098.3.E01" 0.061774659392432 0.043768072079186 0.482485521578596 0.301129707073821 0.0929098905191756 0.0179259426920049 6.2066647836379e-06
"NA19098.3.E02" 0.402091593348364 0.00828623989969606 0.176211795169071 0.208026650496205 0.138820473889492 0.0642664003306619 0.00229684686650957
"NA19098.3.E03" 0.266917846822633 0.0264308862728769 0.295519044335603 0.277047310841117 0.106741476522887 0.00888333307073702 0.018460102134147
"NA19098.3.E04" 0.299059663326358 4.01376071327522e-06 0.0967234982210406 0.264062742554307 0.22691578798031 0.107768275707833 0.00546601844943844
"NA19098.3.E06" 2.72141911971126e-06 2.14659093770173e-06 0.286520205404583 3.3781898180394e-06 0.324247559650271 0.368327112013678 0.0208968767315925
"NA19098.3.E07" 4.98619129412176e-06 1.12068032124158e-05 0.121921411546292 0.160614654305009 0.512344367918514 0.147362938091547 0.0577404351441314
"NA19098.3.E10" 0.042842856444416 0.0368314777799481 0.352682718138718 0.422319992347182 0.0245564690152425 0.0953782391021309 0.025388247172362
"NA19098.3.E11" 0.41580510336065 5.20423251423346e-06 0.240346683197764 0.223057663607856 0.0263820138864496 0.0944002897224544 3.04199231147164e-06
"NA19098.3.E12" 0.259430049061881 5.45654638649377e-06 0.419946100007909 0.126577616403047 4.85517153375142e-06 0.194034221822185 1.70098705796108e-06
"NA19098.3.F03" 0.0987938867773211 0.0259244939561906 0.355333478174455 0.303733508456018 0.160189850023312 0.056019938660868 4.84395183558087e-06
"NA19098.3.F04" 0.303685843365037 3.34879014321959e-06 0.202026366580249 0.169053179205603 0.160641597401543 0.15073934458049 0.0138503200769355
"NA19098.3.F05" 0.435301367291266 0.00973237443881837 0.0428435261183926 0.128724738400646 0.244754065253489 0.138643024468009 9.04029379718439e-07
"NA19098.3.F06" 0.279818586230558 0.0196437235201186 0.278893334020722 0.172372794117518 0.135820364770751 0.113450115055968 1.0822843641812e-06
"NA19098.3.F07" 0.0632721525171722 0.00519306634783491 0.0574059621844834 0.305058716373208 0.481745005518725 0.0873139802775401 1.1116781036761e-05
"NA19098.3.F09" 0.142963110946203 0.0267524485931791 0.372693048072194 0.301479613444452 0.00673990579677651 0.114139557535397 0.0352323156117991
"NA19098.3.F10" 0.122116764707427 0.0376078309388286 0.233385732597803 0.414434089055641 0.18224282879398 0.00999670700814859 0.000216046898171413
"NA19098.3.G01" 0.453066675136007 0.00207806792061467 0.467147535740832 0.0776881769709667 4.47801526399382e-07 1.45609506897436e-05 4.53547936352419e-06
"NA19098.3.G05" 0.145889269159979 0.118804604073277 0.200513336086427 0.455370763116466 0.0794193254091388 1.32030385595923e-06 1.3818508562e-06
"NA19098.3.G06" 0.375165650919074 3.33669575180985e-06 0.206419694047552 0.108114743527502 0.138995952158472 0.165702424959467 0.00559819769218207
"NA19098.3.G08" 1.17857836564729e-06 1.2954734904083e-06 0.170350008778636 5.85011841020126e-06 0.546327824437271 0.283160190966415 0.000153651647411546
"NA19098.3.G10" 0.189392200391126 0.0969919774479706 0.286073007736154 0.345315053887868 0.0296610922226805 0.0522900420675202 0.00027662624668113
"NA19098.3.H02" 0.052983214257861 0.105898118985916 0.189567074219076 0.297434182951425 0.224176617617404 0.129939610525181 1.18144313634982e-06
"NA19098.3.H03" 0.0827386075806425 0.110262791208357 0.235984184302469 0.339397082919056 0.147044476509616 0.0823986861008298 0.00217417137902925
"NA19098.3.H04" 0.0309458699537435 0.0593880072965358 0.431100601649487 0.419633185384882 4.72415156036964e-06 0.0123971572405226 0.0465304543232686
"NA19098.3.H05" 0.198564940696941 0.0187184124792182 0.310506158507687 0.189250761583054 0.131919354129475 0.135187875617557 0.0158524969860684
"NA19098.3.H06" 0.459403827679033 0.00621111405796929 0.133867985190246 0.133733414942683 0.127328649085025 0.128750754164639 0.0107042548804045
"NA19098.3.H10" 0.18749534272227 5.90266929772514e-06 0.297821080310029 0.313495182110558 0.121476848797466 0.0797031599199307 2.4834704486189e-06
"NA19098.3.H11" 0.19568461355425 1.67965576525981e-06 3.44358423012939e-06 0.153208183540163 0.461971617469977 0.182621395942088 0.00650906625352504
"NA19098.3.H12" 0.413710844108462 0.0103614677722609 0.143171237489736 0.202217298795389 0.09822230665812 0.120439354959679 0.0118774902163526
"NA19101.1.A02" 0.381137367094891 0.120085265319639 0.060381040020908 0.00381093256447823 0.157218748085483 0.117702013089024 0.159664633825576
"NA19101.1.A03" 0.0463157720687125 0.2420453117084 0.161318457786613 0.318926823451095 0.124155700426309 0.0105747852279082 0.0966631493309629
"NA19101.1.A04" 0.395916860383642 0.0335780183096231 2.82800396857059e-06 0.106344356069758 0.176535468250696 0.245340731064103 0.0422817379182106
"NA19101.1.A05" 0.253667177937851 0.128272744913329 0.140406320916456 0.197456057829018 0.131653905710879 0.0460114850051534 0.102532307687312
"NA19101.1.A06" 0.479280145267646 0.0640686631395613 0.103689365516955 0.108275081709348 0.0516278589541082 0.07284172476985 0.120217160642532
"NA19101.1.A07" 0.0393966180886423 0.297424227677855 0.147152240361954 0.278813904218939 0.0498655255438519 0.0312396758719576 0.156107808236801
"NA19101.1.A08" 0.413711392607047 0.0125145552838699 8.5194655000965e-06 1.04442947928493e-05 0.202802652310976 0.222707215879046 0.148245220158769
"NA19101.1.A09" 0.113088875239493 0.202496254066955 0.234446214758942 0.26303833494215 0.0313285478746679 4.37371881733444e-06 0.155597399398975
"NA19101.1.A10" 0.549749155720197 0.0147061903630368 4.40005684291842e-06 0.0940704176565236 0.101272061219115 0.117315871869826 0.122881903114459
"NA19101.1.B02" 0.0627513830340377 0.171251180095365 0.296754384915118 0.278378194186709 0.0267151839758684 0.0248767819604026 0.139272891832499
"NA19101.1.B03" 0.564070193033213 0.0810466154203032 5.30139866592868e-05 0.0569510046041608 2.54573929776725e-06 0.14777351953922 0.150103107677145
"NA19101.1.B04" 0.449169286228112 0.0242077248134542 0.0761988462861031 0.16571767802159 0.136723513082929 0.026526979874041 0.121455971693771
"NA19101.1.B05" 0.364184574959538 0.0528818475608355 0.126807207260068 0.125741598654478 0.107189384969642 0.0959606889875657 0.127234697607873
"NA19101.1.B07" 0.213083627716244 0.116512542016116 0.249898422776999 0.14862666898595 0.126070820231714 0.0542624655320921 0.0915454527408846
"NA19101.1.B08" 0.0489250987662318 0.192163105673526 0.254718388552585 0.242811493785764 0.0559463298887748 0.0876816907686095 0.117753892564508
"NA19101.1.B09" 0.204430828626453 0.189091137420012 0.133115744326557 0.252055996697132 0.130785604163564 0.00710856294748241 0.0834121258188
"NA19101.1.B10" 0.291353850461932 0.0986304853281705 0.0682792677245626 0.314214407686638 0.133480294220775 3.91173574707704e-06 0.0940377828421751
"NA19101.1.B11" 0.265157008791763 0.0729131780264027 0.161894420625853 0.248148864186572 0.103100950899132 0.0317493870352853 0.117036190434992
"NA19101.1.B12" 0.53846827802707 0.0238005512463033 0.0211817643533828 0.0520496881348326 0.0666761330478139 0.152297647554313 0.145525937636285
"NA19101.1.C01" 0.281895787697973 0.0251079202038283 0.279485852397653 0.119490266365613 0.0943210300004522 0.134905951130244 0.0647931922042358
"NA19101.1.C02" 0.475595150790896 4.28784179157378e-06 0.0444500186619693 5.45221046914229e-06 0.121059531946786 0.200970394311749 0.157915164236339
"NA19101.1.C03" 0.285632382337132 0.17440140082504 0.0728392815748111 0.181938534573213 0.0858922077256822 0.0732049902749738 0.126091202689148
"NA19101.1.C04" 0.517688171114813 3.9893725661292e-06 0.0431043174143712 0.0271723267126713 0.136646710695403 0.168528463313728 0.106856021376447
"NA19101.1.C05" 0.101431710825557 0.0834734440771813 0.174515233339228 0.249779280369866 0.248059374800408 0.0756673701583117 0.0670735864294478
"NA19101.1.C06" 0.269091017573178 0.0568799813758034 0.193149500013579 0.259172031836846 0.112792794088609 9.94970749786798e-07 0.108913680141236
"NA19101.1.C07" 0.143291460766549 0.103055231536571 0.187301439470578 0.251590693678596 0.21528004530221 0.00691882664236819 0.0925623026031289
"NA19101.1.C08" 0.0938483216459741 0.0991217650824019 0.163746657456888 0.315690938233498 0.145634212211987 0.0225735605882037 0.159384544781047
"NA19101.1.C09" 0.463100048914438 0.0127276195723027 0.102174360511357 0.0933509919125883 0.118242883529354 0.0905390151040136 0.119865080455946
"NA19101.1.C10" 0.212527854924825 0.0619561206897202 0.163578482014538 0.324312826334688 0.112571286443852 0.031916358176543 0.0931370714158333
"NA19101.1.C11" 0.068433306454745 0.0245456753930658 0.146000666323784 0.436711224244453 0.120931253156295 0.0742633796222868 0.129114494805371
"NA19101.1.C12" 0.557978861145247 4.68024703195498e-05 0.145530919886589 5.3309495330644e-05 0.0732624319476374 0.113848977827098 0.109278697227778
"NA19101.1.D01" 0.230869618441654 3.80870503200524e-06 4.02838435462601e-06 0.122149780355365 0.375007458670225 0.186620393431321 0.0853449120120474
"NA19101.1.D02" 0.421908423533267 3.62573649596106e-06 0.20745475315047 0.0561411341086903 0.177239605755254 0.0296818791635869 0.107570578552237
"NA19101.1.D03" 0.37501656955064 0.116843327038133 0.0705259306320871 0.133372419431603 0.143123889604383 0.0576983417586861 0.103419521984468
"NA19101.1.D05" 0.609366534317497 8.91922746180555e-05 0.0516469996729692 0.0582377344488201 0.119387129168456 0.105488433718425 0.0557839763992145
"NA19101.1.D06" 0.288364260004151 2.39709509537907e-06 6.29191987986093e-06 0.17357711837404 0.321068648625432 0.110544766655396 0.106436517326005
"NA19101.1.D07" 0.320386819323806 0.0788510348698382 0.00335376868326849 0.194561737382271 0.267209240159515 0.0807011670896777 0.0549362324916238
"NA19101.1.D08" 0.120759394736598 0.0725410028496031 0.148980453427202 0.424528415139545 0.119646042410243 5.55132177427866e-05 0.113489178219066
"NA19101.1.D09" 0.0953995929335813 0.193113675454662 0.161488372405029 0.34615084895193 0.117014873187327 9.55129083603527e-07 0.0868316819383877
"NA19101.1.D10" 0.346851491645955 5.23729184612897e-06 0.113755279048354 0.197340796513812 0.211034035710738 0.0485174519294374 0.0824957078598572
"NA19101.1.D11" 0.229173282972172 0.0756217142219633 0.139320622285498 0.33134677452364 0.138235670002883 1.73193478776544e-06 0.086300204059056
"NA19101.1.D12" 0.519099417436848 0.00521314243216652 0.124905238381014 0.0588343536296336 0.106113781256718 0.0794248321927288 0.106409234670891
"NA19101.1.E01" 0.104793649811929 0.056628774539501 0.142402736619449 0.395127219800279 0.126159170646996 0.0302280136429962 0.144660434938851
"NA19101.1.E02" 0.329358127472552 0.000140238191938289 0.186656893102669 0.188486249707076 0.0719396969969452 0.106321886687566 0.117096907841253
"NA19101.1.E03" 0.477115530574164 6.32845497055279e-06 0.0933735030387462 0.106549146059273 0.117026060643787 0.111024662964773 0.0949047682642859
"NA19101.1.E04" 0.212020766551082 0.000692740917399269 0.206635686700602 0.363267353107202 0.118694126676794 1.15491865138842e-06 0.0986881711282692
"NA19101.1.E07" 0.366423326913141 0.0590257280033359 0.189614541350182 0.208074697619639 0.0639733125833776 0.006037648290582 0.106850745239742
"NA19101.1.E08" 0.136035500509489 0.0568640995559666 0.359720006774232 0.247738549757006 0.0735761015330325 0.0366404513246944 0.0894252905455803
"NA19101.1.E10" 0.132391897509812 0.0409128416351352 0.354986947211624 0.339115104605247 0.068010020210168 2.09451633382152e-05 0.064562243664676
"NA19101.1.E12" 0.233034505794376 0.0577093112966607 0.0947237695219807 0.315552487747858 0.133545234993096 0.0548304389842181 0.11060425166181
"NA19101.1.F01" 0.36448555054763 0.0234208149902562 0.141511283902743 0.14063380059375 0.0643292830696073 0.172252778356962 0.0933664885390516
"NA19101.1.F02" 0.233790399879473 0.0880609363187364 0.09249355570253 0.372988623681631 0.107127326770753 0.00515467270029278 0.100384484946584
"NA19101.1.F03" 0.385562139183815 0.0508385175187141 0.141032313949556 0.188468057935422 0.132108145817239 2.00417756156936e-06 0.101988821417692
"NA19101.1.F04" 0.286979358247895 0.00493204634876289 0.0493408839543694 0.194280936968427 0.234815297494473 0.102231459346702 0.12742001763937
"NA19101.1.F07" 0.370069754479045 0.0640667321475433 0.12799719602157 0.190878365918019 0.13986427843437 0.0233643777607919 0.0837592952386599
"NA19101.1.F08" 0.361632386054654 0.0540716585463343 0.106597843901188 0.220792499071114 0.155423233697193 0.0121396791765238 0.0893426995529942
"NA19101.1.F09" 0.181085739818204 0.109379412765559 0.248641190551377 0.276620934136943 0.116265105704864 1.2599738263588e-06 0.0680063570492267
"NA19101.1.F11" 0.473551099450336 2.90906303712409e-06 0.134489376202035 0.0788636804666261 0.114738564946624 0.0961648836833109 0.102189486188031
"NA19101.1.F12" 0.433929167227297 2.0593714865051e-05 0.0979634425657673 0.0589215026108744 0.193485794459693 0.104738805072589 0.110940694348914
"NA19101.1.G02" 0.0861926848776492 0.0719467659153341 0.166224306754541 0.270002932408913 0.137801693652396 0.102849863117431 0.164981753273736
"NA19101.1.G03" 0.454796676317209 1.83258490093478e-05 0.0449122195799557 0.0749672392898955 0.145391912737404 0.114656892570135 0.165256733656391
"NA19101.1.G04" 0.125811289452116 0.0289390774538093 0.374209418118594 0.276985112627531 0.0581223131458851 6.27201785688061e-06 0.135926517184208
"NA19101.1.G05" 0.253726233941496 0.0622887934154461 0.137949752004341 0.17585548731113 0.205919212286025 0.0840374216144099 0.0802230994271523
"NA19101.1.G07" 0.489427004612415 0.000264352258990123 0.17847273058584 0.0642322905521146 0.0631658576919945 0.0963698318081055 0.10806793249054
"NA19101.1.G08" 0.328938237831524 0.0394580410661217 0.077014706549376 0.115892523390031 0.241741130676699 0.110257215079536 0.0866981454067117
"NA19101.1.G09" 0.383997820741778 0.0944359197377372 0.0500069807913732 0.122568090601141 0.154104004940896 0.110350275834193 0.0845369073528805
"NA19101.1.G10" 0.34668704621354 1.06992183085402e-05 0.186844726205585 0.187498635654705 0.118037430023936 0.0558345536252838 0.105086909058642
"NA19101.1.G11" 0.101774287879368 0.155089906345759 0.148855536579288 0.379929509223417 0.132164905946435 9.88851186452587e-06 0.0821759655138687
"NA19101.1.G12" 0.0721376009290419 0.101583337284447 0.253145733633189 0.390874635312629 0.0968517763132526 6.98942484806711e-07 0.0854062175849556
"NA19101.1.H01" 0.108085520729574 0.193194453062511 0.100447966745764 0.288975231254149 0.0966642957328858 0.0289530795114134 0.183679452963703
"NA19101.1.H02" 0.483185072075447 0.0645658239783508 0.0373442227556263 0.0112371792206397 0.112918734511107 0.129704868929253 0.161044098529576
"NA19101.1.H03" 0.0238608647844372 0.146135780410622 0.323855022541755 0.295381543956529 0.101904631435802 8.4656058433731e-05 0.108777500812422
"NA19101.1.H05" 0.147370579378331 0.0803685189436591 0.192616511158292 0.342278939625347 0.102788020970575 0.0386245860025568 0.0959528439212387
"NA19101.1.H06" 0.233786864071879 0.0893931211539015 0.0565638840862441 0.35124966859795 0.120641588332408 0.04386961765764 0.104495256099978
"NA19101.1.H08" 0.442992043062038 0.0727195872923461 0.145628358135271 0.0112560279057493 0.0997457541990368 0.115882880046057 0.111775349359502
"NA19101.1.H10" 0.11571041301637 3.73008840794725e-06 0.271037164505315 0.408403430888423 0.0673564746394704 1.84178884599977e-06 0.137486945073167
"NA19101.1.H12" 0.539541974853203 6.12077851589182e-06 0.232611466826482 0.00810360523775366 0.0571357517232699 0.0719894011935622 0.0906116793872135
"NA19101.2.A01" 0.0102604381379585 0.177788224376953 0.373622152598887 0.0759059366437145 0.108857070370138 0.0941999823695564 0.159366195502793
"NA19101.2.A02" 0.192572692775558 0.21611792013926 0.285832318369999 2.40410097170504e-06 0.0707933725023769 0.172747620639801 0.0619336714720328
"NA19101.2.A06" 0.0383296321143007 0.0977859203720203 0.381188802098189 0.218786130802012 0.10179463004232 0.0822539647430215 0.0798609198281367
"NA19101.2.A08" 0.131934469962591 0.198326084212805 0.346399304636433 0.0742015404981287 0.0661576917327693 0.0810991839725762 0.101881724984696
"NA19101.2.A09" 0.0625219955652454 0.277852327261328 0.2991528373851 0.116944891007219 0.0973138608952684 0.0520033182775334 0.0942107696083048
"NA19101.2.A10" 0.282241034301814 0.19284134814895 0.235593125538188 5.92438100877679e-06 0.0328673513660338 0.147544985278875 0.10890623098513
"NA19101.2.B02" 0.0405312439989819 0.235908818318737 0.168759475037323 0.244682142324612 0.171792517848432 0.0526555827133756 0.0856702197585391
"NA19101.2.B03" 0.219866419909583 0.144749834298356 0.263185361690677 6.35031137915618e-06 0.157894127019588 0.113317580470169 0.100980326300247
"NA19101.2.B04" 7.02784848012963e-07 9.69542421624982e-07 0.31605501583829 1.12221789052009e-06 0.34439930940592 0.187452428093381 0.152090452117249
"NA19101.2.B06" 0.221972184287021 0.129120492326014 0.227661371392874 0.0150716386249085 0.195925709097818 0.0928540950890736 0.117394509182291
"NA19101.2.B08" 0.145827977061295 0.213284476480241 0.276477295836915 1.01316095476238e-05 0.0927571159287524 0.233542099634658 0.0381009034485921
"NA19101.2.B09" 0.222836987217078 0.150945209423931 0.232703167994648 0.0389637202960499 0.165882437707342 0.0922287253064994 0.0964397520544524
"NA19101.2.B10" 0.219310427808215 0.116895838148204 0.254524992847735 0.0258984141979059 0.164722573057888 0.17566501514281 0.0429827387972428
"NA19101.2.B12" 0.0923672931196133 0.137490036508384 0.426638063248858 0.104286190076894 0.133930613281836 0.00327685787516229 0.102010945889253
"NA19101.2.C01" 1.2101032963327e-05 9.88218634709722e-06 0.446137336344811 2.38016001082177e-06 0.242055267966394 0.149727181365267 0.162055850944207
"NA19101.2.C03" 0.101925648176508 0.155223081435249 0.355338491952813 0.0171692253632666 0.164675946446406 0.13329375003541 0.0723738565903481
"NA19101.2.C04" 0.305272718673844 0.0501132983123626 0.403354213598101 1.0347701335707e-05 0.000355218710640201 0.172828356081842 0.0680658469218758
"NA19101.2.C05" 0.207742011742482 0.130044702945339 0.204437648244093 0.000910820091447545 0.230417487251494 0.138759806867876 0.0876875228572681
"NA19101.2.C06" 0.201493587617988 0.100371389574958 0.240790954849938 0.179258119312901 0.160509137528743 0.0660472204599981 0.0515295906554734
"NA19101.2.C07" 0.372318371606436 0.100622699960327 0.274196866091143 0.0580612391269328 0.132097823933634 0.0233326905063151 0.0393703087752127
"NA19101.2.C08" 0.275964329119365 0.0595578572490844 0.318048450930703 7.58946347493215e-06 0.138002390271136 0.10640343870487 0.102015944261367
"NA19101.2.C09" 1.33412035042079e-06 2.02370194785452e-06 0.243464006321855 9.5330010283303e-06 0.41641783701025 0.188491347174099 0.151613918670469
"NA19101.2.C11" 0.0444266696311869 0.115040690489424 0.381798865551014 0.257378741568675 0.139965509882167 4.53520468314864e-06 0.06138498767285
"NA19101.2.D02" 0.240322087508138 0.0274182514721594 0.366857203679568 0.000149061154478608 0.127328711122252 0.106230718827237 0.131693966236167
"NA19101.2.D03" 0.176148764012463 0.118080963568668 0.39771047191136 0.153698384598246 0.0142977579707901 0.105845523265559 0.034218134672914
"NA19101.2.D04" 0.111766516338099 0.0734116613927319 0.375284440013764 0.172352318162861 0.106084847384934 0.121824605527618 0.0392756111799925
"NA19101.2.D05" 4.37577318029064e-06 4.74274423843587e-06 0.394432146676271 0.00293869421990108 0.292953207049219 0.171261938199606 0.138404895337584
"NA19101.2.D06" 0.270787695260218 0.00769028742706459 0.230488325041731 0.0696066945631708 0.233234986177716 0.0981017512013137 0.090090260328786
"NA19101.2.D07" 0.16658543178238 0.0508710539802024 0.11551769839622 0.166216463494078 0.408581864113308 0.020274782343503 0.0719527058903082
"NA19101.2.D08" 0.361072168119507 0.0765857958735838 0.169060503692753 0.086714532348983 0.170028865977381 0.0245949527020516 0.111943181285742
"NA19101.2.D09" 0.0621622418858834 8.88042763807919e-06 0.454281441603003 0.0207390113576135 0.145199579775056 0.157912401825865 0.159696443124941
"NA19101.2.D10" 0.0148524355542217 0.0726173471024817 0.232592914444123 0.181595570138299 0.342168376018846 0.0713693377186115 0.0848040190234165
"NA19101.2.D11" 0.145805286495656 0.147019588775281 0.359802100893487 0.114150413530494 0.0523818126967436 0.134630782602624 0.0462100150057144
"NA19101.2.E01" 0.170571867517915 0.0756815792826226 0.371197745427746 0.0199411230845884 0.172210619640974 0.0808142684105693 0.109582796635585
"NA19101.2.E02" 0.353848858626637 0.0502039004935032 0.284877151066206 0.0359860387216117 0.109147714648957 0.102922974644262 0.0630133617988242
"NA19101.2.E03" 6.47340287159013e-06 3.94642939284368e-06 0.395224194617983 7.47398932494552e-06 0.230946703487876 0.324299371365951 0.0495118367066002
"NA19101.2.E04" 0.0951130460845796 0.100923212716268 0.328749486668337 0.205380628062591 0.230059218335412 2.33527803256001e-06 0.0397720728547799
"NA19101.2.E06" 0.143255491305009 0.0136838567603549 0.241094780888725 0.0572107441178895 0.283523256420792 0.110418037121328 0.150813833385902
"NA19101.2.E07" 0.137541799021148 0.075753608437546 0.31891205097606 0.109078447536063 0.207856504172234 0.0557096448223283 0.0951479450346215
