"1" "2" "3" "4" "5" "6"
"NA19098.1.A01" 2.74227436925285e-06 0.0382194981030823 0.510212771463318 0.372661731954048 0.057554707192721 0.0213485490124617
"NA19098.1.A02" 2.8206852496121e-06 0.190045094195164 0.516078210084724 0.195347018666069 0.0985222718871202 4.58448167309808e-06
"NA19098.1.A04" 2.25821407058243e-05 0.00623768563283081 0.441490265574806 0.317483170661121 0.217560458165491 0.0172058378250457
"NA19098.1.A05" 3.47723518618422e-05 0.0199079641875319 0.581988077383462 0.25566085221052 0.12568617316268 0.0167221607039445
"NA19098.1.A06" 0.0115139335457913 0.130622791204929 0.482906661549423 0.135037997516704 0.145138426161043 0.0947801900221096
"NA19098.1.A07" 9.08702971798565e-06 0.142028069017887 0.488971505992792 0.222727642788448 0.146248515361368 1.51798097862326e-05
"NA19098.1.A08" 0.162265413682482 0.328505016096354 0.252292265915541 0.0821090151464777 0.0582425506530909 0.116585738506054
"NA19098.1.A09" 2.83915863879675e-06 0.0127226469610035 0.619408712580734 0.0967069166799755 0.258637091081463 0.0125217935381847
"NA19098.1.A10" 0.141625744204773 0.17508468336122 0.385453744814786 0.0772234165325597 0.0992409047833693 0.121371506303293
"NA19098.1.A11" 5.60515719129884e-06 0.0637493254493438 0.503994420754501 0.229006976634819 0.120084900832788 0.0831587711713564
"NA19098.1.A12" 0.000736904186634207 2.87970138614951e-05 0.653504506244423 0.144585855321448 0.14609648264217 0.0550474545914636
"NA19098.1.B01" 0.0468879025166319 0.204877950045673 0.528232980718629 0.11570733058292 0.0607934212125836 0.0435004149235624
"NA19098.1.B02" 1.02800677926475e-05 0.123003146879547 0.503501792601021 0.121122601093018 0.21541870671162 0.0369434726470013
"NA19098.1.B03" 2.95594097023903e-05 0.150051058063857 0.329609580489062 0.329460264627399 0.0760794358531823 0.114770101556797
"NA19098.1.B05" 0.0619139648141778 0.025421670206134 0.562584178207783 0.15546549622671 0.11026544463334 0.0843492459118546
"NA19098.1.B06" 0.123660523060057 2.60419081179601e-05 0.51173594881322 0.271545671740642 0.0409019596393499 0.0521298548386132
"NA19098.1.B07" 1.90754946010694e-05 0.104302900749257 0.635001109093114 0.130762623358033 0.108514846842663 0.0213994444623319
"NA19098.1.B08" 0.143216763841945 0.150412162619588 0.414682555770251 0.0735406193565001 0.042201919882995 0.175945978528721
"NA19098.1.B09" 0.071053038769968 0.0676729257409988 0.256933980459302 0.217249728503884 0.230488442098127 0.15660188442772
"NA19098.1.B11" 0.057204913237163 0.00642929088176794 0.395227235517193 0.282650644946421 0.182138646157819 0.0763492692596359
"NA19098.1.B12" 0.139059467848581 0.0791367772497345 0.506110918393408 0.0960227879562838 0.111805487181876 0.0678645613701161
"NA19098.1.C01" 0.010534567525173 0.082799893661205 0.589722694193467 0.155880182056131 0.0635875371282565 0.0974751254357675
"NA19098.1.C02" 0.106076445815181 0.121350496144685 0.521661251191417 0.140687550350857 0.045550455135563 0.0646738013622963
"NA19098.1.C03" 0.0150638867393442 0.0599410204982031 0.555855945845586 0.256455850998818 0.0931897562090118 0.0194935397090371
"NA19098.1.C04" 0.0265799451824986 1.151336569398e-05 0.594911427399815 0.263583804689563 0.107241449370293 0.00767185999213548
"NA19098.1.C05" 0.260176871969631 0.0465034602706927 0.328339325204239 0.209229728384232 0.0462606996253222 0.109489914545883
"NA19098.1.C06" 0.263911545739499 0.0700870311600492 0.290144153133334 0.145000802097162 0.161134620030956 0.0697218478389999
"NA19098.1.C07" 0.236682873126219 0.0827395560217147 0.383527437436632 0.0871024082755077 0.0474334630536272 0.162514262086299
"NA19098.1.C08" 3.31835589706049e-06 7.6267711413754e-06 0.530961812260435 0.322542003498668 0.143985599795685 0.00249963931817219
"NA19098.1.C09" 0.029425562394704 1.16156459303372e-05 0.56434003220432 0.19966033646748 0.147432316096198 0.0591301371913673
"NA19098.1.C10" 0.0240442565520413 0.0275640038661855 0.703790514163117 0.147138530936061 0.0864989101620584 0.0109637843205368
"NA19098.1.C11" 0.304774445843334 0.0844739683972982 0.345129515062446 0.100335192445037 0.0219436178511032 0.143343260400782
"NA19098.1.C12" 0.0666067492232367 0.0348732242902772 0.346395924100898 0.33600085897998 0.11808277988285 0.098040463522758
"NA19098.1.D01" 0.12692616354599 3.46868300553262e-05 0.461250181184413 0.344058816978729 0.0513706000648962 0.0163595513959157
"NA19098.1.D02" 0.314748645063745 0.0237093498379228 0.355041358396028 0.13155355926464 0.0444926071292482 0.130454480308417
"NA19098.1.D03" 0.0704032173627614 0.067164439761758 0.6195923520306 0.134334938790576 0.088016788819457 0.0204882632348474
"NA19098.1.D04" 0.22925221956721 0.123745011603927 0.341386819742122 0.127180107648241 0.0799701736466757 0.0984656677918244
"NA19098.1.D06" 0.381037221601934 0.089654880439177 0.29368525435318 0.0678003545961949 0.0406896246777439 0.127132664331769
"NA19098.1.D08" 0.299320729046479 5.2134952757095e-06 0.344511290910527 0.170876645921852 0.0342906234364822 0.150995497189384
"NA19098.1.D09" 9.18255597970911e-06 4.16101727913849e-06 0.525034513040118 0.293863708635107 0.115834314367016 0.0652541203844996
"NA19098.1.D10" 0.045187708075084 6.96815752362998e-06 0.614132636330819 0.183733490307826 0.0671061498860987 0.0898330472426482
"NA19098.1.D11" 1.64094710902093e-05 6.31330827345684e-06 0.428962648833882 0.339000811269406 0.213543235852121 0.018470581265228
"NA19098.1.D12" 0.128312859386092 1.16827600941735e-05 0.67051740335924 0.117187950521471 0.0664786654823412 0.0174914384907617
"NA19098.1.E01" 0.0930307206918592 4.21111359908876e-06 0.496493693456078 0.146463710511711 0.240070838250703 0.0239368259760501
"NA19098.1.E02" 0.286156135945128 0.0525659629115176 0.38414273815462 0.144465235887191 0.0201416292318888 0.112528297869654
"NA19098.1.E03" 0.257614991924676 7.68955738128808e-06 0.516755598535286 0.101741482386343 0.0648639165093784 0.059016321086935
"NA19098.1.E05" 5.80272426652413e-06 9.80933124256037e-06 0.635001187467649 0.253519488216227 0.104425716945636 0.00703799531497915
"NA19098.1.E06" 0.149294104007006 0.0179387540145722 0.503850237142839 0.17273700431198 0.101654099944998 0.0545258005786051
"NA19098.1.E07" 0.11763863505503 6.92386500662358e-06 0.362229220857997 0.392193590572197 0.0709491748894191 0.0569824547603504
"NA19098.1.E08" 0.246255227732253 0.000115530805704633 0.511091918660834 0.10395175665469 0.0266390961247707 0.111946470021748
"NA19098.1.E09" 0.0993373054787927 0.0419045532195126 0.470693546618309 0.15716243387078 0.0794862777558565 0.151415883056749
"NA19098.1.E10" 0.0819524677119367 1.31712752714571e-05 0.618802222941381 0.141076183938264 0.0934249979271658 0.0647309562059812
"NA19098.1.E11" 0.320608679576332 0.110712802340313 0.291023310778989 0.164464025907246 5.14636277688732e-06 0.113186035034344
"NA19098.1.E12" 0.155511244414202 0.0129527283727665 0.422848898339212 0.147312631887255 0.19536324976638 0.0660112472201846
"NA19098.1.F01" 0.31207530999497 0.000172941382828149 0.25680948765897 0.142360685065638 0.0959842516120968 0.192597324285497
"NA19098.1.F02" 0.251619534997293 0.0483346663119626 0.48641222693718 0.0576546538866741 0.0744530301024258 0.0815258877644646
"NA19098.1.F03" 0.0782745371530635 4.87165818375758e-05 0.686155294975125 0.153233402657575 0.047611816319437 0.0346762323129623
"NA19098.1.F07" 3.49446427260933e-05 8.85581090764793e-06 0.41332406852892 0.345380543758016 0.226661182388731 0.0145904048706994
"NA19098.1.F08" 0.0278882857155202 0.027833810419631 0.552420427546948 0.304428453648197 0.0827805221197383 0.00464850054996497
"NA19098.1.F09" 4.91759125362149e-06 0.00359220647262953 0.641010048086987 0.158344726958461 0.123301735584125 0.073746365306544
"NA19098.1.F10" 0.270172999400349 0.0965415717432385 0.418285882089141 0.0571869490809491 0.0966467335853631 0.0611658641009602
"NA19098.1.F11" 0.0767031423340158 2.31132124048009e-05 0.630687084173901 0.157288642879578 0.096904172958178 0.0383938444419225
"NA19098.1.F12" 0.0359329444621428 6.62956365488796e-06 0.559277291479732 0.247477361807211 0.06792257618193 0.08938319650533
"NA19098.1.G01" 7.90754780319104e-06 0.0191100647692893 0.512150712733332 0.378972002132934 0.0326776506555506 0.0570816621610905
"NA19098.1.G02" 0.143882081554822 0.064461582430235 0.440252462674377 0.0577707076738752 0.231998637380649 0.0616345282860413
"NA19098.1.G03" 0.0862855217923663 3.08845790215454e-05 0.413913539185906 0.31890824025948 0.122759679635955 0.0581021345472711
"NA19098.1.G04" 5.61809548382948e-05 0.0063762780785541 0.598535834343051 0.249418510887599 0.0844968998260116 0.0611162959099451
"NA19098.1.G05" 0.109380400459366 1.25634608048521e-05 0.579046621074337 0.170942371746053 0.0643148360567793 0.0763032072026597
"NA19098.1.G06" 0.151639741290971 0.0281169458068343 0.440210404394242 0.191539060750218 0.0843676446704364 0.104126203087299
"NA19098.1.G07" 0.171732352591622 0.0458613962757415 0.366921434906221 0.248559319083329 0.057058178506006 0.109867318637081
"NA19098.1.G08" 5.00820682733433e-05 0.0536245235165565 0.516884075094792 0.162553300070443 0.25189710732895 0.0149909119209843
"NA19098.1.G09" 8.66844451111612e-05 0.0367508915513585 0.564704090867288 0.183357498910096 0.152209338386816 0.0628914958393304
"NA19098.1.G10" 0.0713170957748762 0.0982659639013388 0.481998153678212 0.125159694947835 0.124808106402197 0.0984509852955404
"NA19098.1.G11" 0.266452728470177 0.133824682249539 0.353449937073231 0.0910263586448516 0.0382623347802526 0.116983958781949
"NA19098.1.G12" 5.29490296017971e-06 1.24159167445341e-05 0.583763637615903 0.275745458360687 0.124233348512355 0.0162398446913495
"NA19098.1.H01" 0.0564751157337381 0.123580682527987 0.530386445639508 0.144703745325134 0.0962695737090283 0.0485844370646043
"NA19098.1.H02" 0.00280945609302386 0.0742762556093357 0.42279479665809 0.325735634860426 0.130308612725951 0.0440752440531731
"NA19098.1.H03" 7.26883059517352e-06 1.09157243367872e-05 0.495570972923453 0.351072849960838 0.152175720644933 0.00116227191584391
"NA19098.1.H04" 0.0066758808163343 0.0394547497081714 0.595543625084163 0.224932738948436 0.121075759613684 0.0123172458292107
"NA19098.1.H05" 7.10997468680719e-06 0.00489574400618961 0.739292894164759 0.202650059351547 0.0526032442188439 0.000550948283973434
"NA19098.1.H06" 0.00108415462564229 4.6161944211243e-06 0.125221218541688 0.522771664030404 0.307649658268851 0.0432686883389944
"NA19098.1.H07" 0.0306517695432031 6.04516915631349e-05 0.498300128074956 0.296331433500805 0.160099481732087 0.0145567354573855
"NA19098.1.H10" 0.206215957885188 0.102016262302364 0.312773701668193 0.0955150184939403 0.23973569850166 0.0437433611486552
"NA19098.1.H11" 0.257412552979931 0.0219532147108557 0.456582686068011 0.128195523626449 0.0902631782863474 0.0455928443284058
"NA19098.1.H12" 0.000216864790749321 0.00886155366971385 0.4871865060903 0.349253220499443 0.113559730141924 0.0409221248078694
"NA19098.2.A05" 0.137141418300409 0.0675131834879737 0.355349037280619 0.138524279264303 0.245101265900623 0.0563708157660731
"NA19098.2.A07" 0.0483478310770052 0.184337840486174 0.245195668112623 0.127663654639578 0.329604622057987 0.0648503836266332
"NA19098.2.B03" 6.7268182265426e-06 0.129607276195297 0.342889330444542 0.18578145630824 0.296318528029078 0.0453966822046164
"NA19098.2.B06" 0.138689540408624 0.0622116182093638 0.298228307414754 0.0963782545162545 0.341280105753158 0.0632121736978456
"NA19098.2.B08" 0.00173890580193856 0.163259239326219 0.311430366266207 0.139873883639797 0.322941085469843 0.0607565194959949
"NA19098.2.B10" 6.87521567560504e-05 0.0696136355456058 0.431321655404484 0.118089097422918 0.347257201709221 0.0336496577610155
"NA19098.2.C01" 0.067604164039835 0.0758099854470329 0.268864615110569 0.243004385217086 0.313005113213847 0.0317117369716302
"NA19098.2.C06" 0.000812719530524187 1.24052483926071e-05 0.372430001692567 0.333056535750174 0.262480087424385 0.0312082503539567
"NA19098.2.C07" 0.068023969732349 0.0596474924266697 0.342398886964441 0.21887468525747 0.269966779277473 0.041088186341598
"NA19098.2.E08" 0.145802926030146 2.33823159107604e-05 0.364240810422138 0.156932454683565 0.303660491489185 0.029339935059055
"NA19098.2.E11" 0.125179615965149 0.103886346251559 0.272194676017387 0.107972666433775 0.319823509419923 0.0709431859122066
"NA19098.2.F04" 7.69071163521606e-06 7.36443004541554e-06 0.376123081460194 0.281357980643311 0.328603848230564 0.0139000345242494
"NA19098.2.F07" 0.000863778244207417 0.0595792472367664 0.395200637210255 0.187077513059067 0.303970876035982 0.0533079482137221
"NA19098.2.G08" 2.06364398022272e-05 0.00157767607017395 0.40824860580914 0.204969538093215 0.372058294595293 0.013125248992376
"NA19098.2.G12" 0.215586661466544 5.65995678379799e-05 0.26652757089132 0.15278420608845 0.309738276180622 0.055306685805226
"NA19098.3.A03" 0.153720421327422 0.216078597184012 0.268365777177214 0.0818115100503398 0.203555504764371 0.0764681894966419
"NA19098.3.A06" 0.215035576951375 0.0844536249235338 0.258477985933364 0.243451392750728 0.134340638108538 0.0642407813324602
"NA19098.3.A08" 0.14395589353285 0.238022661489067 0.251783638149103 0.167761561660847 0.0615012462317006 0.136974998936433
"NA19098.3.A12" 0.0599797292322825 0.0749442053845303 0.4000290890768 0.14751577582247 0.241220517477677 0.07631068300624
"NA19098.3.B01" 0.00776253456793039 0.15697711068041 0.192940621155741 0.244314170780939 0.357609080649774 0.0403964821652059
"NA19098.3.B03" 1.01194260244312e-05 0.144798649646899 0.490781524010702 0.153148541932578 0.148130060751957 0.0631311042318398
"NA19098.3.B04" 0.422696708774069 0.159435056586284 0.198850489180193 0.0600771044597327 0.0298026703878183 0.129137970611903
"NA19098.3.B05" 0.306490643796333 0.217062319988685 0.184391683688592 0.0651073563012348 0.0686786786411593 0.158269317583997
"NA19098.3.B07" 1.17833332048572e-05 0.0896068933591751 0.567213675443903 0.118793962366472 0.165221500400867 0.0591521850963778
"NA19098.3.B09" 0.00888224215322904 0.122911821469045 0.405783844342946 2.20998816926774e-06 0.452446851252183 0.00997303079442758
"NA19098.3.B11" 0.351954624307249 0.07251642232584 0.304891861689096 0.155228777173509 3.53369403035503e-06 0.115404780810276
"NA19098.3.B12" 0.394853080981545 0.110247533777631 0.151738829161717 0.104220387587809 0.0878737486840207 0.151066419807277
"NA19098.3.C01" 0.175810121671611 0.162967739640007 0.281384995474189 0.168219261978688 0.130305214684375 0.0813126665511297
"NA19098.3.C03" 0.144877611984553 0.0374612377346109 0.304296652550349 0.296671460088599 0.198846059412329 0.0178469782295591
"NA19098.3.C04" 0.113567748367932 0.0136113146642802 0.53139088867035 0.150295197142121 0.158825369613346 0.0323094815419706
"NA19098.3.C05" 0.353178824382926 0.118474839541829 0.232978484717605 0.0992476280097614 0.109587593059113 0.0865326302887665
"NA19098.3.C09" 0.446479254810616 0.154149036046165 0.14751842083226 0.0188947776423489 0.0846785132370031 0.148279997431607
"NA19098.3.C10" 0.192152984502862 0.00376144620522505 0.468103358518908 0.0750588807340391 0.223426096202677 0.0374972338362887
"NA19098.3.C11" 0.205111753725424 0.0665229957298274 0.41844816636867 0.175659829785806 0.080248893033574 0.0540083613566982
"NA19098.3.C12" 0.221330392891122 0.0574803180981904 0.2930488436929 0.25681618238962 0.109619948277911 0.0617043146502557
"NA19098.3.D02" 0.228658991037936 3.72539831122426e-06 8.16976274924998e-06 0.319790430450889 0.347770085846866 0.103768597503249
"NA19098.3.D03" 0.210632003626964 0.111831160294458 0.342923576716515 0.087296890852085 0.0976951804898425 0.149621188020136
"NA19098.3.D05" 0.364745104145664 0.180382301315471 0.180030377515742 0.0468323500419774 0.0731853497165374 0.154824517264608
"NA19098.3.D07" 0.252634606676514 0.0469059812298769 0.282383017670233 8.88019370147662e-07 0.313727694636913 0.104347811767092
"NA19098.3.D09" 0.305940109086356 0.0671488629681878 0.290238594174957 0.102269182390067 0.0873709033560091 0.147032348024424
"NA19098.3.D10" 0.135518943580034 0.11634404388398 0.397346076754784 0.142577943319072 0.167860199425474 0.0403527930366566
"NA19098.3.D11" 0.319515267789747 0.0342359970188355 0.272631004651317 0.18189025211611 0.0631001276419498 0.128627350782041
"NA19098.3.D12" 0.0362429952365117 7.99945811728105e-06 0.406928812723809 0.37808142185282 0.144253817269895 0.0344849534588466
"NA19098.3.E01" 0.422717990293788 0.0938586563465425 0.153233299921017 0.0164840870803343 0.238964728046167 0.074741238312151
"NA19098.3.E02" 0.267944747154382 0.0529713978149029 0.415407832743099 0.107226168231996 0.0895855669417103 0.0668642871139096
"NA19098.3.E03" 0.31550470174389 0.0883599748198827 0.320736126370097 0.0429758835226823 0.131661452580924 0.100761860962524
"NA19098.3.E04" 0.237302476385779 0.00248016791688205 0.39923913020834 0.221625738720446 0.0471340786295962 0.0922184081389567
"NA19098.3.E06" 9.15964718892714e-05 1.57757146537618e-05 0.0719301976800916 0.466397973766746 0.413085635516898 0.0484788208497219
"NA19098.3.E07" 0.240549512120231 0.055617270046698 9.43046114872263e-06 0.479025135732836 0.115937371706779 0.108861279932308
"NA19098.3.E10" 0.177936960902565 0.127130135181346 0.276293705957999 0.0645042396342877 0.17535465517798 0.178780303145821
"NA19098.3.E11" 0.173648833664838 0.032226733943812 0.52344868669746 0.0532838756062099 0.15593934043164 0.0614525296560405
"NA19098.3.E12" 0.0677069997910137 0.0373142071967215 0.430139212485724 0.0987110686100078 0.338220688012651 0.0279078239038829
"NA19098.3.F03" 0.362859935451733 0.0815784174605913 0.186829023148795 0.105950789805113 0.176349018897865 0.0864328152359024
"NA19098.3.F04" 0.236353758209459 1.38155713705583e-05 0.38478957316146 0.190695164408656 0.158011418448498 0.0301362702005562
"NA19098.3.F05" 0.131907355644035 0.128495647864307 0.391012071638281 0.262428173071109 0.037067846893945 0.0490889048883231
"NA19098.3.F06" 0.210088065456867 0.123541952361929 0.311832876147199 0.140936560647323 0.186011291378206 0.0275892540084758
"NA19098.3.F07" 0.399938239552499 0.0146481898391999 0.10651030770048 0.396454748459291 2.60541503972474e-06 0.0824459090334907
"NA19098.3.F09" 0.220931725208565 0.0518211539263557 0.361727272467276 0.0519032050218757 0.236796377467366 0.0768202659085614
"NA19098.3.F10" 0.397553672792415 0.0797892260799718 0.229404755528712 0.100199408406148 0.0541260801890741 0.13892685700368
"NA19098.3.G01" 1.67273892585048e-06 5.17845796472999e-06 0.621634686082972 4.52154716262136e-07 0.335614610349731 0.0427434002156898
"NA19098.3.G05" 0.388549329155115 0.19548048286084 0.261453364894223 0.0139723179488746 0.0176551884273893 0.122889316713558
"NA19098.3.G06" 0.145234327899892 0.00535465192397218 0.437759733094939 0.184138474943119 0.190612715857183 0.0369000962808959
"NA19098.3.G08" 0.0511868656537344 3.78228080446234e-06 3.12254400910986e-06 0.576238248585097 0.287424490686499 0.0851434902498559
"NA19098.3.G10" 0.239698461595115 0.16042925892092 0.355249027865132 0.0269374378903177 0.126183762890231 0.0915020508382855
"NA19098.3.H02" 0.281161530117477 0.147395950928442 0.202938007942093 0.234254860790952 0.0917931730385684 0.0424564771824677
"NA19098.3.H03" 0.227646006305311 0.21525948269765 0.184284550066571 0.131091172719315 0.0974867578832303 0.144232030327923
"NA19098.3.H04" 0.216230794291788 0.185974212266102 0.203123461664161 8.693235149029e-07 0.200034644522584 0.19463601793185
"NA19098.3.H05" 0.232885424731961 0.0584492707581865 0.29117101659592 0.151077244775655 0.226085864588145 0.0403311785501322
"NA19098.3.H06" 0.165119244955017 0.0698587711603077 0.466276556351289 0.152297469829699 0.117349633403867 0.0290983242998201
"NA19098.3.H10" 0.293773337886835 0.0198071635021434 0.324645691218414 0.104784568417607 0.149899359601805 0.107089879373196
"NA19098.3.H11" 0.210317162841401 7.37042524943381e-06 0.243426083465627 0.481280876342137 0.00993579729206174 0.055032709633523
"NA19098.3.H12" 0.138829417229302 0.0769256732302468 0.480655917036966 0.133216844991321 0.10236834672453 0.0680038007876342
"NA19101.1.A02" 0.28507038919759 0.128747454727184 0.280542916550411 0.172492492483308 0.124668838404241 0.00847790863726635
"NA19101.1.A03" 0.444845629973952 0.253008457216984 0.103866579943542 0.0490993551765189 0.0595688766188096 0.0896111010701946
"NA19101.1.A04" 0.194323004124912 0.0306572860127834 0.4389963714102 0.292749049643699 0.0432735092946998 7.79513705689108e-07
"NA19101.1.A05" 0.453068353819568 0.121632917528126 0.23382951649096 0.072937710167938 0.0809351410893214 0.0375963609040863
"NA19101.1.A06" 0.356024438491111 0.0595489132142157 0.410161766280235 0.0304685400714448 0.115841087397855 0.0279552545451385
"NA19101.1.A07" 0.364122480568936 0.290060741453586 0.124164119902233 0.017714231705482 0.0847789054065613 0.119159520963202
"NA19101.1.A08" 0.167900915258311 0.0264106460234799 0.36936915119443 0.309392536850508 0.126919407874875 7.34279839484325e-06
"NA19101.1.A09" 0.373564178224259 0.209583392761843 0.184323648261697 8.89971899416007e-07 0.133284879342081 0.0992430114382203
"NA19101.1.A10" 0.345809982142719 0.00785804849243123 0.477311527356965 0.118207154430146 0.0475130249043547 0.00330026267338451
"NA19101.1.B02" 0.435226813169274 0.127155489457483 0.201609221886097 1.31919378841708e-06 0.198878886307114 0.037128269986244
"NA19101.1.B03" 0.163861822350498 0.0620391916844151 0.569101804417158 0.0680370377475563 0.124749061422275 0.0122110823780982
"NA19101.1.B04" 0.481230444305576 0.0105568243597551 0.368330091891818 0.0671281420953555 0.0463023350300301 0.0264521623174645
"NA19101.1.B05" 0.34007476397564 0.0490420610498084 0.336496067831741 0.104341628054382 0.12824896466979 0.0417965144186386
"NA19101.1.B07" 0.429309973323094 0.111400551643827 0.205158220418465 0.0703502679737492 0.180122691255384 0.0036582953854803
"NA19101.1.B08" 0.326926482678962 0.1961291798992 0.146325287379132 0.0553286525546883 0.182643513063447 0.0926468844245698
"NA19101.1.B09" 0.450415467550747 0.19978542166466 0.199107490228553 0.046277910415065 0.045058463251563 0.0593552468894113
"NA19101.1.B10" 0.50184316493901 0.084655591316502 0.292144124998367 0.045633807685277 5.17377797197574e-06 0.0757181372828717
"NA19101.1.B11" 0.462194914738964 0.0550143732842578 0.286396184564047 0.0461330951827322 0.0991927055477497 0.051068726682249
"NA19101.1.B12" 0.302277085207098 0.0134931052731772 0.459217099808126 0.109734277174344 0.115242326964103 3.61055731516289e-05
"NA19101.1.C01" 0.333687036928146 0.0242947130744971 0.299932663517454 0.103432607071065 0.238647187077918 5.79233091980101e-06
"NA19101.1.C02" 0.167096867585539 6.10197430788155e-06 0.431770641750696 0.219375647675802 0.181748489123165 2.25189049050284e-06
"NA19101.1.C03" 0.390273963870423 0.133030007341269 0.318756779619706 0.0707449221232495 0.0704682236304185 0.0167261034149347
"NA19101.1.C04" 0.242392304902004 5.89170558643411e-06 0.446352238367501 0.188516304546532 0.122730269655785 2.99082259265699e-06
"NA19101.1.C05" 0.491418155398972 0.0649765622879936 0.145845753224152 0.194425150087662 0.0908563628809871 0.0124780161202331
"NA19101.1.C06" 0.601587005296365 0.0418665637662961 0.211014521463839 9.29617936682573e-06 0.0799456248175612 0.0655769884765711
"NA19101.1.C07" 0.547651909897946 0.0886023572872832 0.134911714626806 0.110997314590565 0.0712006201976444 0.0466360833997559
"NA19101.1.C08" 0.469015830161823 0.0820869090865586 0.155023910472818 0.0847280796423479 0.0844258814561917 0.124719389180261
"NA19101.1.C09" 0.35682086317442 0.0116885745887391 0.393158598600644 0.103462923097653 0.119748299215773 0.0151207413227711
"NA19101.1.C10" 0.4525203290143 0.0402065724083594 0.294993808886217 0.0583711383978197 0.0794914363239788 0.0744167149693248
"NA19101.1.C11" 0.397287927450798 3.99831331637114e-05 0.268366656172159 0.12039252960192 0.0780427280999065 0.135870175542053
"NA19101.1.C12" 0.305920420682839 0.0117427786328748 0.429530822294044 0.0718226501079836 0.180980258259112 3.07002314743658e-06
"NA19101.1.D01" 0.300961577555725 5.74516149294547e-06 0.233347895578245 0.424351895068954 0.0299918870763515 0.0113409995592313
"NA19101.1.D02" 0.431310542771909 7.23192682029144e-06 0.298685699111301 0.0916235564445236 0.167857155729498 0.0105158140159468
"NA19101.1.D03" 0.426486000967352 0.115444628389146 0.291784202010741 0.0931944290312916 0.0483093706181927 0.024781368983277
"NA19101.1.D05" 0.326318201687317 0.024394965836446 0.473557057758052 0.104507270855266 0.0712186520185435 3.85184437534761e-06
"NA19101.1.D06" 0.357441696295535 3.70737538156623e-06 0.267915979158898 0.317410834454327 0.00320251093572551 0.0540252717801324
"NA19101.1.D07" 0.433867906252613 0.0809710541329381 0.250011118981382 0.206173281607083 2.48416329238469e-06 0.0289741548626909
"NA19101.1.D08" 0.487093623057599 0.045744679940216 0.253659919721007 0.0513369831561825 0.0444717570673432 0.117693037057652
"NA19101.1.D09" 0.57651026198591 0.175911374144885 0.102167501013227 0.00704922516819999 0.0448128772328123 0.0935487604549651
"NA19101.1.D10" 0.439388225853974 1.19519650603802e-05 0.300527208247436 0.143964452182495 0.056473159207123 0.0596350025439109
"NA19101.1.D11" 0.572552885690443 0.0549433834960627 0.238231852796066 0.0370933249404746 0.0338657152984455 0.0633128377785085
"NA19101.1.D12" 0.334584951314676 0.0132821734227392 0.420829199442299 0.0833606840892864 0.13229451740611 0.0156484743248889
"NA19101.1.E01" 0.47298995936067 0.0152374090611684 0.241174819073992 0.0823076320198718 0.0640021064192361 0.124288074065062
"NA19101.1.E02" 0.316066982286265 2.69874221590936e-05 0.372609385018855 0.0861831380169999 0.177411152210233 0.0477023550454883
"NA19101.1.E03" 0.346244682953384 8.80504559552116e-06 0.416805330881997 0.116308467897864 0.11526312467893 0.00536958854222985
"NA19101.1.E04" 0.562627525003601 8.9862611312531e-06 0.243251495856622 0.0218923949203692 0.0717992895097254 0.100420308448551
"NA19101.1.E07" 0.431151600225174 0.0668951639746918 0.347453176068754 4.12261031848878e-06 0.102665801299303 0.0518301358217595
"NA19101.1.E08" 0.512225852458722 0.0334709407462513 0.208417618748541 0.00792250507035707 0.223149970223641 0.0148131127524876
"NA19101.1.E10" 0.517884712226784 0.0164637445728172 0.254184474204353 1.88361951741027e-06 0.177378578302415 0.0340866070741125
"NA19101.1.E12" 0.482268290762075 0.00932988149010181 0.312560314696137 0.0969037702443047 0.0468409184516207 0.052096824355761
"NA19101.1.F01" 0.233736190674915 0.015289950046869 0.419315089050721 0.132121457156219 0.173638176772401 0.0258991362988754
"NA19101.1.F02" 0.490693752175684 0.0512719419916958 0.327839367267987 0.0414328717668787 0.0131390979527294 0.0756229688450254
"NA19101.1.F03" 0.56593048996297 0.0398024906533207 0.281949063590683 0.0237574966706627 0.0579320982659503 0.0306283608564134
"NA19101.1.F04" 0.437968023497401 1.60115219775555e-05 0.258297031560472 0.218090405784772 0.0471640176803421 0.0384645099550352
"NA19101.1.F07" 0.479696077697585 0.0600774088073042 0.311205473149857 0.0610945246218058 0.0638263061476131 0.0241002095758356
"NA19101.1.F08" 0.542061321397426 0.0382548359253645 0.311028400283988 0.0640355264551256 0.0381387203070829 0.00648119563101275
"NA19101.1.F09" 0.593322232894547 0.105177623629357 0.160451599811297 2.08931943500177e-05 0.0968734901009289 0.0441541603695199
"NA19101.1.F11" 0.386720612198385 3.96213612854664e-06 0.380131079343534 0.0936068672567098 0.136096044419445 0.00344143464579733
"NA19101.1.F12" 0.398450158336502 3.56771244398332e-05 0.317506528387602 0.172540550336862 0.111458217441071 8.86837352305032e-06
"NA19101.1.G02" 0.411011335101502 0.00916377501152626 0.227133809665398 0.155406784241559 0.152580266634764 0.044704029345251
"NA19101.1.G03" 0.39576606430863 8.52884949874516e-06 0.347201905259633 0.149374300192247 0.100686271577417 0.00696292981257356
"NA19101.1.G04" 0.502912449300938 0.00606793971011127 0.21878680623345 1.30620355678342e-06 0.230412248372758 0.0418192501791855
"NA19101.1.G05" 0.516385385146669 0.0363599238377037 0.207916543260012 0.153265519942485 0.0860708402872304 1.78752590018844e-06
"NA19101.1.G07" 0.327236613758602 0.000804771457027672 0.421374028574321 0.0549453846867096 0.192424502070953 0.00321469945238637
"NA19101.1.G08" 0.393153153950769 0.0359636061771685 0.26997886207783 0.220623640138453 0.0799049746630974 0.00037576299268225
"NA19101.1.G09" 0.374436374073208 0.0875738198799803 0.330628730983833 0.144208848604449 0.0631463716474725 5.85481105654219e-06
"NA19101.1.G10" 0.40371992669962 2.08350040441932e-05 0.330484294089671 0.0761360013077753 0.135063572544867 0.0545753703540227
"NA19101.1.G11" 0.530845392772445 0.129189875400583 0.179697237690765 0.0434104246560533 0.0376765221586747 0.0791805473214783
"NA19101.1.G12" 0.616861315440305 0.0857821356889981 0.127141144599555 1.7426216706937e-06 0.0817502412094372 0.0884634204400342
"NA19101.1.H01" 0.499792589625614 0.125490281645865 0.195966687348094 0.0496925796098385 0.0602398035967589 0.0688180581738292
"NA19101.1.H02" 0.261991009000576 0.0562098715506 0.398986346506894 0.149228852713278 0.133575217265536 8.70296311552037e-06
"NA19101.1.H03" 0.542650808634534 0.145301346519434 0.0659782187185407 0.00379337350214174 0.180578882728905 0.0616973698964438
"NA19101.1.H05" 0.487950684675716 0.0467997956350192 0.255051676602903 0.0531389430045267 0.0951326099632158 0.0619262901186194
"NA19101.1.H06" 0.501545921444874 0.0247273828637617 0.333348727603186 0.0778946307860992 0.0138521219446496 0.0486312153574294
"NA19101.1.H08" 0.353553047557253 0.0673509767150384 0.326258876690456 0.0894406468949432 0.163395472845979 9.79296330372925e-07
"NA19101.1.H10" 0.570252696763356 1.93511291675697e-06 0.214966772153119 1.63302029276322e-06 0.123562940476698 0.091214022473617
"NA19101.1.H12" 0.374886520948749 1.28600212074848e-05 0.401309996719325 0.0167452685100977 0.207043532883607 1.82091701326033e-06
"NA19101.2.A01" 0.289568445484378 0.219063971406596 3.01163369607395e-05 0.0969581983696486 0.329895627105222 0.064483641297194
"NA19101.2.A02" 0.06552716505507 0.310881018696137 0.190939669275259 0.13432426849886 0.298326213383327 1.6650913464149e-06
"NA19101.2.A06" 0.425456189818869 0.0921990772805322 0.127818836753053 0.0693831081632556 0.266767628272964 0.018375159711326
"NA19101.2.A08" 0.213396884766325 0.269818154673378 0.118247449309116 0.0519231599681666 0.284409928348918 0.0622044229340963
"NA19101.2.A09" 0.323780595685271 0.340821989259104 0.0273747331772927 0.0446800077245885 0.213144751482552 0.0501979226711912
"NA19101.2.A10" 0.126713292169747 0.231405628324494 0.275042203876223 0.0835570884432653 0.283274335987203 7.45119906821128e-06
"NA19101.2.B02" 0.350920582759758 0.294503816106269 0.0503227358723517 0.121225552470718 0.0914023246025829 0.0916249881883204
"NA19101.2.B03" 0.183338366658244 0.204337417727454 0.168093153218425 0.159918349522858 0.27903766081997 0.0052750520530482
"NA19101.2.B04" 0.039078218933191 4.41758331913183e-06 2.28398294741045e-06 0.380218301696112 0.48380377416464 0.0968930036397911
"NA19101.2.B06" 0.240509720476428 0.169493789332528 0.155535051711081 0.181222364028465 0.23931445892662 0.0139246155248788
"NA19101.2.B08" 0.111943414252857 0.278549736491999 0.154730871830279 0.179233007757967 0.275540966147001 2.00351989624918e-06
"NA19101.2.B09" 0.273359416367249 0.185005712441493 0.168915359525866 0.140950332928059 0.217283587935776 0.014485590801557
"NA19101.2.B10" 0.137824364608929 0.191831147165738 0.203976926933806 0.205383318468139 0.249259836067678 0.0117244067557106
"NA19101.2.B12" 0.393279708979521 0.174898962067158 0.0596732378189864 0.0380411563268008 0.301443153537757 0.0326637812697769
"NA19101.2.C01" 0.114593592491216 0.0704857898350207 2.54634293158215e-05 0.271209656998195 0.489345865976281 0.0543396312699706
"NA19101.2.C03" 0.258878553876322 0.204627087318752 0.0672996920544172 0.159233762170907 0.308642220658362 0.00131868392123968
"NA19101.2.C04" 0.12126351370146 0.113296257474561 0.316193449924317 0.0677595509357855 0.38148190514691 5.32281696600048e-06
"NA19101.2.C05" 0.241486640509453 0.165269134020142 0.139155898623932 0.230142211941103 0.219219850412973 0.0047262644923967
"NA19101.2.C06" 0.322115523979507 0.145874375341384 0.205321788170946 0.117769812779591 0.15264401208857 0.0562744876400014
"NA19101.2.C07" 0.39131490357321 0.163956248404896 0.236044508716586 0.0402054189205762 0.168464545113667 1.43752710643045e-05
"NA19101.2.C08" 0.260906961678917 0.0977863773450468 0.208894632669916 0.127362203433226 0.305046916438852 2.90843404339312e-06
"NA19101.2.C09" 0.139786866761971 3.69799912366209e-06 2.07935448428307e-06 0.448315572993175 0.331681885206022 0.0802098976852235
"NA19101.2.C11" 0.550258912594234 0.142106233332682 0.0368519655297663 0.0216589432966102 0.198472886968417 0.0506510582782915
"NA19101.2.D02" 0.255551564726258 0.0473504437754981 0.198415264689799 0.121691867712818 0.358607329289573 0.0183835298060542
"NA19101.2.D03" 0.317672665722821 0.143160273639766 0.240951134337757 0.0136028327784342 0.284452991986981 0.000160101534240971
"NA19101.2.D04" 0.317480797570079 0.0930816923990859 0.189847629130715 0.105441759918431 0.277770948139901 0.016377172841787
"NA19101.2.D05" 0.214053397129539 1.55213593474854e-05 1.11906212692299e-05 0.312952840401722 0.409267707092711 0.0636993433954107
"NA19101.2.D06" 0.28411881259893 0.0379647741386983 0.223241336567776 0.206872946163726 0.209545535131153 0.0382565953997168
"NA19101.2.D07" 0.448872162416033 0.0778938052457432 0.0899908062671597 0.291267449526829 0.0457039251543084 0.0462718513899267
"NA19101.2.D08" 0.395499594942461 0.0967092495463733 0.257218460685271 0.0930644318775808 0.126274328070342 0.0312339348779722
"NA19101.2.D09" 0.193085311873216 0.00108981845040512 0.0997414000480673 0.179163142190171 0.452051662675834 0.0748686647623068
"NA19101.2.D10" 0.411974881805118 0.0977644467452056 8.42355473915987e-06 0.267553017227762 0.149902690009595 0.0727965406575795
"NA19101.2.D11" 0.259020435754266 0.17959780858938 0.20177405373337 0.0725576780170764 0.283360614059393 0.00368940984651511
"NA19101.2.E01" 0.326806549322558 0.0966399879274416 0.115327993249353 0.129901295479823 0.328102554441125 0.00322161957969902
"NA19101.2.E02" 0.244678103304853 0.100958508277818 0.29881078659198 0.101282711384818 0.246946402772205 0.00732348766832725
"NA19101.2.E03" 0.115612655308698 2.69239543237196e-05 0.0741694302446518 0.353790447324169 0.442578854812939 0.0138216883552184
"NA19101.2.E04" 0.495603975697093 0.158313625949317 0.0364287081885016 0.0924034555881381 0.158155896359334 0.0590943382176171
"NA19101.2.E06" 0.286363378056679 0.0235375254281029 0.11592559915432 0.278288788445093 0.251758447837017 0.0441262610787886
"NA19101.2.E07" 0.410958783018973 0.0941428983777035 0.0984784467403496 0.138109557921007 0.235715110315923 0.0225952036260439
"NA19101.2.E09" 0.427215065257162 0.0577150885716581 0.00309360754641244 0.0873832933223838 0.342397749954992 0.0821951953473926
"NA19101.2.E10" 0.246511282808294 0.0811374152171994 0.363792620460763 0.0871326478115368 0.197195879501748 0.0242301542004588
"NA19101.2.E11" 0.452816252181477 0.151311848727677 0.0181800214749724 0.133335898110351 0.171906541464045 0.0724494380414779
"NA19101.2.E12" 0.310537641118879 0.147077368871176 0.305210629520312 2.84264070899363e-06 0.228766521162512 0.00840499668641081
"NA19101.2.F01" 0.232120422310253 0.167881400969578 0.202981727045558 0.0520682469941834 0.306980408924973 0.0379677937554547
"NA19101.2.F03" 0.517020723608264 0.104134388814986 0.0417686926067564 0.0598703148690068 0.208982798764864 0.0682230813361233
"NA19101.2.F04" 0.32460032750139 0.0331571272156962 0.237834865927678 0.249588278648897 0.13804688666171 0.0167725140446285
"NA19101.2.F06" 0.507706068114427 0.132874437316094 0.151552722717301 0.0491932815143448 0.0968123356461373 0.0618611546916965
"NA19101.2.F07" 0.413569537770053 0.204433693549367 0.0509376333006168 0.0937059251488098 0.140039836169142 0.0973133740620124
"NA19101.2.F08" 0.382920504242729 0.037884867905875 0.162563575122517 0.0290307990682133 0.371212359655687 0.0163878940049796
"NA19101.2.F09" 0.220891025929377 0.116601034373883 0.204468472272552 0.114496524736578 0.34353325164186 9.69104574957511e-06
"NA19101.2.F12" 0.246163770611549 4.19056086273929e-05 0.00536611699666363 0.219285080973361 0.445725734164928 0.0834173916448715
"NA19101.2.G01" 0.299407153180955 0.196931112522273 0.0850649310715764 0.113927699037853 0.288402543193156 0.0162665609941865
"NA19101.2.G02" 0.415672680320282 0.142266129302445 0.0699957847950734 0.146141318182698 0.13061387009449 0.0953102173050118
"NA19101.2.G03" 0.222368242612722 0.12194507531114 0.128463244340104 0.234750351178273 0.246814233448861 0.0456588531089
"NA19101.2.G04" 0.39205917058083 0.123401135093166 0.16925609984111 0.100930783347738 0.168610091060429 0.0457427200767275
"NA19101.2.G05" 0.242582658471684 0.179467823510332 0.081959389521425 0.146555424478428 0.340465748494767 0.00896895552336413
"NA19101.2.G07" 0.296509130453127 0.170096605131114 0.0739206006990483 0.237062128909922 0.168358231930659 0.0540533028761288
"NA19101.2.G08" 0.150368896324149 0.000124834334032453 0.00838950723892759 0.319957113619313 0.451479707817881 0.0696799406656972
"NA19101.2.G09" 0.279153447581363 0.248664914852083 0.107918661754249 0.0453281237192579 0.219712350237895 0.0992225018551525
"NA19101.2.G12" 0.387238539643999 0.0870696489047486 0.160974302832837 0.105909052514923 0.209547628766875 0.0492608273366157
"NA19101.2.H01" 0.30051938485477 0.122094573934641 0.150415842992271 0.0739574782333946 0.329316609777325 0.0236961102075984
"NA19101.2.H02" 0.204444941471948 0.116344204273978 0.0622209351511774 0.222920535288107 0.317903031530928 0.0761663522838624
"NA19101.2.H03" 0.365145145580756 0.180906408789672 0.104719485371376 7.80103522920118e-05 0.305772019820981 0.0433789300849232
"NA19101.2.H05" 0.276488206931278 0.122482486000955 0.245676087994301 0.0148709278423127 0.340475709000816 6.58223033645482e-06
"NA19101.2.H06" 0.384920050744353 0.250186969182816 0.0558343735979038 0.0266147996897016 0.172859657612987 0.109584149172239
"NA19101.2.H07" 0.397784166921783 0.180670519586627 0.0958063965168131 0.0824393961016266 0.181506442279704 0.0617930785934458
"NA19101.2.H08" 0.115225731624144 0.272230081381572 0.231831893118813 0.0920767700366996 0.281990731982199 0.00664479185657275
"NA19101.2.H09" 0.105828159107388 0.0028666666265019 3.02992922676165e-06 0.390712155215577 0.46794631752952 0.0326436715917865
"NA19101.3.A06" 0.430165396301818 0.139852357638652 0.132714214976319 0.161119363579819 0.110591345445579 0.0255573220578115
"NA19101.3.A07" 0.310427708590072 0.0933794185495109 0.101893569622622 0.292877878394734 0.135141974270227 0.066279450572833
"NA19101.3.A10" 0.457210732476439 0.254855579137402 0.122954126149196 0.0144599198629205 0.0676070537090936 0.0829125886649495
"NA19101.3.A12" 0.310291474917519 0.0531810438243531 0.310904580958288 0.242674261349849 0.0829429460992574 5.69285073366901e-06
"NA19101.3.B01" 0.369774603578929 0.196816567107362 0.240239672846077 0.0288498934346675 0.0991970300766728 0.0651222329562915
"NA19101.3.B02" 0.273250736827144 0.280673880875273 0.230355047702758 8.15664309215875e-07 0.112393438779843 0.103326080150673
"NA19101.3.B06" 0.321243459071661 0.125018243239409 0.244204211797112 0.0949681539160204 0.190155002537321 0.0244109294384765
"NA19101.3.B07" 0.454620272248182 0.28828077962913 0.1030766120294 0.0307868220038115 0.0373016902803341 0.0859338238091426
"NA19101.3.B08" 0.27473709584117 0.131874513511153 0.357205715001246 0.12102265879262 0.0979796338631702 0.0171803829906413
"NA19101.3.B09" 0.302488003222654 0.0854758636138166 0.370509430505914 0.13950900123909 0.0716535968649874 0.0303641045535382
"NA19101.3.B10" 0.49991142641845 0.220330461973425 0.0766066150801848 0.0187285696677689 0.119470217825905 0.064952709034266
"NA19101.3.B11" 0.473298682481279 0.0759685289615532 0.187707150235722 0.0924627549987813 0.0533785434542262 0.117184339868439
