"1" "2" "3" "4" "5"
"NA19098.1.A01" 0.406810579820055 0.0758962538027782 0.0333096571690449 0.354810627514573 0.129172881693549
"NA19098.1.A02" 0.461327832448771 0.154252803480149 0.000116661701318293 0.303372704579656 0.0809299977901058
"NA19098.1.A04" 0.505762674988157 0.00704920969264101 0.0507715290003357 0.266494349094097 0.169922237224769
"NA19098.1.A05" 0.521113303940389 0.0626389130010654 0.00721440787021837 0.280215105720817 0.12881826946751
"NA19098.1.A06" 0.545672010571018 0.0638292718531176 0.000332543509766944 0.244385831039925 0.145780343026172
"NA19098.1.A07" 0.473153848704891 0.121881088570616 0.000666999918696993 0.302639021395464 0.101659041410332
"NA19098.1.A08" 0.43605980201694 0.200448175860096 0.00651245035635339 0.247176314540249 0.109803257226361
"NA19098.1.A09" 0.510074853463989 0.0548486598361565 0.000466127266811005 0.305225171308104 0.129385188124939
"NA19098.1.A10" 0.495972646918715 0.124186725786463 0.0162607582847674 0.238555934602729 0.125023934407326
"NA19098.1.A11" 0.494091817503775 0.0330891882545113 0.0223116210292361 0.310642450501678 0.139864922710799
"NA19098.1.A12" 0.552446077940018 0.0136104885575896 0.00017348508048928 0.314927027993662 0.118842920428241
"NA19098.1.B01" 0.500900762663007 0.155407023622173 0.000108819525180945 0.274350159944817 0.0692332342448222
"NA19098.1.B02" 0.505477327651229 0.0833836902008542 0.00110430841360074 0.286900150757069 0.123134522977247
"NA19098.1.B03" 0.405817966935536 0.0522215720156498 0.0516372306417493 0.323365940560968 0.166957289846096
"NA19098.1.B05" 0.519782974263549 0.0243277262734163 0.0319843183953918 0.28610025140452 0.137804729663123
"NA19098.1.B06" 0.525620663156956 0.00161494864965376 0.0514592638894039 0.300886799559847 0.120418324744139
"NA19098.1.B07" 0.541789959795457 0.0880743452821692 0.000124062358221323 0.279102981504989 0.0909086510591638
"NA19098.1.B08" 0.486117955025643 0.0894358482547191 0.000614231442610209 0.294273409945105 0.129558555331923
"NA19098.1.B09" 0.413292444679538 0.00118810288265673 0.0988831884941192 0.321293553080748 0.165342710862938
"NA19098.1.B11" 0.4948424994207 0.00399064488549337 0.0560440440759281 0.28590020522889 0.159222606388988
"NA19098.1.B12" 0.53684184427971 0.0742968770806563 0.0122318034204573 0.256273499200378 0.120355976018798
"NA19098.1.C01" 0.54392049644407 0.0393545771816565 9.14731293090105e-05 0.308555187922272 0.108078265322692
"NA19098.1.C02" 0.552101307488324 0.0827022898021014 0.00015150915721635 0.27075710600862 0.0942877875437384
"NA19098.1.C03" 0.49203222140344 0.0860349430293241 0.0103550550012952 0.293323268537292 0.118254512028648
"NA19098.1.C04" 0.574113372476608 0.0113155545572826 0.0133457883099768 0.271620078007628 0.129605206648505
"NA19098.1.C05" 0.525654241537142 0.00220391338188594 0.0536654225193337 0.269865997613733 0.148610424947906
"NA19098.1.C06" 0.435922235457944 0.0502744745447304 0.207833556866288 0.207368773002322 0.0986009601287152
"NA19098.1.C07" 0.576691688911472 0.00187630481825093 0.000258016351946265 0.279919422793834 0.141254567124496
"NA19098.1.C08" 0.524573526942349 0.000782981695958695 0.013214156287994 0.317251253272228 0.14417808180147
"NA19098.1.C09" 0.572400167610437 0.000540121741943161 0.00862924165453179 0.278879692009986 0.139550776983103
"NA19098.1.C10" 0.608113906117541 0.0281019177892286 0.000119246673135134 0.273854350466048 0.0898105789540476
"NA19098.1.C11" 0.608251084918215 0.00940134752728296 0.00101377982835373 0.236921170577668 0.144412617148481
"NA19098.1.C12" 0.480788262253992 0.00202806984394393 0.0481100094367809 0.30013738654729 0.168936271917993
"NA19098.1.D01" 0.534096466446738 0.000697091352798944 0.0405694659171191 0.289893813005832 0.134743163277511
"NA19098.1.D02" 0.57226749833898 0.000399713013837411 0.0361974739346663 0.244660755747189 0.146474558965327
"NA19098.1.D03" 0.594654535927672 0.0379104060477207 7.75100177210526e-05 0.274351065392599 0.0930064826142869
"NA19098.1.D04" 0.576392535555974 0.047979238504431 0.0428590817122335 0.198538823117914 0.134230321109447
"NA19098.1.D06" 0.637082773896696 0.0251887103467765 0.00490735427788261 0.185221210039882 0.147599951438763
"NA19098.1.D08" 0.540250786949587 0.000234217038208652 0.0156947214245913 0.289818310846123 0.15400196374149
"NA19098.1.D09" 0.49621805498374 0.000412239721364705 0.0229798973062533 0.327341007276218 0.153048800712424
"NA19098.1.D10" 0.595971985568752 0.000279273577274454 0.000100030717417199 0.284549125432043 0.119099584704514
"NA19098.1.D11" 0.530906488503164 0.000537876112360612 0.045559969415154 0.25503308061641 0.167962585352911
"NA19098.1.D12" 0.636040479687342 0.00209711936774551 9.72500022747983e-05 0.283007208943975 0.0787579419986628
"NA19098.1.E01" 0.607706928492233 0.000226240573642177 0.00296301227878645 0.236799426026606 0.152304392628733
"NA19098.1.E02" 0.593399850199124 0.000551111878440466 0.000745867725911069 0.265139325120666 0.140163845075858
"NA19098.1.E03" 0.63866441310148 0.000267749806354553 0.000631362460758274 0.245121839732871 0.115314634898535
"NA19098.1.E05" 0.579610363462155 0.000910652443300141 0.000128910049914304 0.311097246849003 0.108252827195627
"NA19098.1.E06" 0.57279237198203 0.0066618036265196 0.0154540376315398 0.268896497759723 0.136195289000188
"NA19098.1.E07" 0.469322057339048 0.000238519219523384 0.0756140036978361 0.301519454591118 0.153305965152475
"NA19098.1.E08" 0.629597253693766 0.00054238873110487 0.000301259541663355 0.234109995686009 0.135449102347456
"NA19098.1.E09" 0.547619125741127 0.000976917731239564 0.000199998387064018 0.29045030243494 0.160753655705629
"NA19098.1.E10" 0.603275009728921 0.000863230447758102 0.00106628305652952 0.270331353045191 0.124464123721601
"NA19098.1.E11" 0.536803548475449 0.0215772716915415 0.0773997589697758 0.23998902639414 0.124230394469094
"NA19098.1.E12" 0.609964571300046 0.00056004488810888 0.00330534925628056 0.243065252966443 0.143104781589122
"NA19098.1.F01" 0.443981992553304 0.000539810513053581 0.115627663206403 0.263277581725816 0.176572952001424
"NA19098.1.F02" 0.639434718380381 0.0232453274231853 0.000227500124056807 0.214308398309018 0.122784055763359
"NA19098.1.F03" 0.61583500120366 0.00313531636650252 0.000142577797384701 0.285292602288216 0.095594502344237
"NA19098.1.F07" 0.502113661925231 0.000521298980032011 0.0768564528395839 0.278778970057056 0.141729616198097
"NA19098.1.F08" 0.578279281031836 0.0195566068097919 0.000695951048856108 0.266515658606743 0.134952502502772
"NA19098.1.F09" 0.578314339773506 0.00969241158675962 0.00012023554293024 0.307734063525825 0.104138949570979
"NA19098.1.F10" 0.669571009960376 0.0011226828144386 0.000101785889146387 0.207980426539545 0.121224094796494
"NA19098.1.F11" 0.583597541114968 0.00644708118485269 0.000277175392352564 0.299985446022827 0.109692756285
"NA19098.1.F12" 0.543613838166568 0.000221656876112671 0.0113457770360772 0.312734384507154 0.132084343414088
"NA19098.1.G01" 0.491292405058264 0.0365063595586814 0.00303839890372397 0.332724160594809 0.136438675884521
"NA19098.1.G02" 0.615694475488046 0.00630184097960562 0.00111414343747641 0.242108192826177 0.134781347268695
"NA19098.1.G03" 0.504615002953403 0.00137154079180809 0.0510731321010861 0.274690389762961 0.168249934390743
"NA19098.1.G04" 0.589543103203356 0.00151853885564871 0.000399345402560365 0.273409286876079 0.135129725662356
"NA19098.1.G05" 0.588819862878593 0.000436571999166376 0.000323438478336278 0.281502754976178 0.128917371667726
"NA19098.1.G06" 0.587345043588829 0.000896787629110724 0.00046383077173158 0.264430069894245 0.146864268116084
"NA19098.1.G07" 0.509914659961097 0.00370804705613763 0.064501608678482 0.280092141676721 0.141783542627562
"NA19098.1.G08" 0.558610306431964 0.0147104489023662 0.000532634736478213 0.299802911090583 0.126343698838609
"NA19098.1.G09" 0.530025113777139 0.0394733503364634 0.0057170007902301 0.287022179491472 0.137762355604695
"NA19098.1.G10" 0.60084874869922 0.00895235547548128 0.000155082214205371 0.275298151723472 0.114745661887622
"NA19098.1.G11" 0.619791825618306 0.0287733336234162 0.000163215540400748 0.224531386970438 0.12674023824744
"NA19098.1.G12" 0.550751551149776 0.0144736723886949 0.000591072806483826 0.301158982945699 0.133024720709346
"NA19098.1.H01" 0.521861043986137 0.0750713783187702 0.000145651377085376 0.309440567114607 0.0934813592034003
"NA19098.1.H02" 0.477775207460748 0.0308842328236811 0.0448466192651279 0.301775967954134 0.144717972496309
"NA19098.1.H03" 0.471065012015539 0.000599372337174864 0.0815800746129517 0.287670220565844 0.15908532046849
"NA19098.1.H04" 0.517105457793196 0.0595242191567577 0.000547666563187812 0.30493188700391 0.117890769482949
"NA19098.1.H05" 0.579463902011538 0.0307610883709174 8.44668871269953e-05 0.310372354156848 0.0793181885735698
"NA19098.1.H06" 0.333949791791693 0.000684261221994135 0.198528271389948 0.278254274604535 0.18858340099183
"NA19098.1.H07" 0.488962391957052 0.00128469632881377 0.0846450618686884 0.272332379643781 0.152775470201666
"NA19098.1.H10" 0.57605517159345 0.0500993458569628 0.0174911277558158 0.226426322629261 0.12992803216451
"NA19098.1.H11" 0.564400371766185 0.017928169159133 0.0574045226590332 0.265610592591604 0.0946563438240445
"NA19098.1.H12" 0.543367190230953 0.00744932480251138 0.00127173893557845 0.301031081301867 0.14688066472909
"NA19098.2.A05" 0.56406598823324 0.0214158452498617 0.129777391013205 0.133294684392883 0.15144609111081
"NA19098.2.A07" 0.430820680793724 0.119330105282551 0.181260235992219 0.121204447332719 0.147384530598787
"NA19098.2.B03" 0.441329261808114 0.145751900273615 0.13500073327089 0.106130312342093 0.171787792305288
"NA19098.2.B06" 0.549258434315869 0.00179450179302372 0.165937396979339 0.112205622854933 0.170804044056835
"NA19098.2.B08" 0.499539139976637 0.0934443285316862 0.128601779656915 0.107962459885723 0.170452291949039
"NA19098.2.B10" 0.554292046320684 0.0628280232239822 0.138889856890216 0.0722113904839327 0.171778683081185
"NA19098.2.C01" 0.474643342988168 0.0403792949655437 0.19821208250498 0.0948410487105766 0.191924230830732
"NA19098.2.C06" 0.439116477941425 0.000291209109303709 0.255285752923709 0.128568903327888 0.176737656697675
"NA19098.2.C07" 0.518627927271047 0.0236026205284561 0.165275518576943 0.116572298932138 0.175921634691416
"NA19098.2.E08" 0.541798053697007 0.000366883432670329 0.1917040157529 0.100023832135723 0.166107214981699
"NA19098.2.E11" 0.588046699649027 0.0127997370158978 0.146930531402242 0.0666194572429572 0.185603574689876
"NA19098.2.F04" 0.467250297853525 0.00038581004785234 0.221805568176084 0.10081187547111 0.209746448451429
"NA19098.2.F07" 0.555129643396987 0.0222459428725431 0.131091597966226 0.0996079387272732 0.19192487703697
"NA19098.2.G08" 0.444333268687911 0.0331188729736996 0.219571402531594 0.142917175736393 0.160059280070402
"NA19098.2.G12" 0.407542740777507 0.000385461430752985 0.34412836028754 0.0935182626356671 0.154425174868533
"NA19098.3.A03" 0.575425203555915 0.129550340772172 0.0569570648724693 0.0171102507863319 0.220957140013113
"NA19098.3.A06" 0.541060250952771 0.0582575888401754 0.166704061825104 0.00128958894984303 0.232688509432106
"NA19098.3.A08" 0.554478938976763 0.123099066715391 0.0446448490282343 0.0540986920111238 0.223678453268488
"NA19098.3.A12" 0.643612043160365 0.0251895969987616 0.0990693329458876 0.0101782929552437 0.221950733939742
"NA19098.3.B01" 0.602576558287756 0.0246606393474606 0.1246035960309 0.000351192577519337 0.247808013756364
"NA19098.3.B03" 0.584439285834595 0.110758407435784 0.0420582441131646 0.0484355099192376 0.214308552697219
"NA19098.3.B04" 0.633676219516955 0.0637571708043545 0.0906585402898075 0.0171422936079665 0.194765775780916
"NA19098.3.B05" 0.668941000765981 0.059109687751316 0.0424232029640192 0.000184484156017474 0.229341624362667
"NA19098.3.B07" 0.648407850816822 0.097629889279706 0.0104862952216302 0.0376977682250911 0.205778196456751
"NA19098.3.B09" 0.699277987129563 0.0151273815714401 0.0900804512702294 0.00015677128820546 0.195357408740563
"NA19098.3.B11" 0.642505556567826 0.02694362764328 0.0660888716123806 0.0505889370530681 0.213873007123445
"NA19098.3.B12" 0.625966369617317 0.0107034576389034 0.125604388808395 0.00113028394377659 0.236595499991608
"NA19098.3.C01" 0.634298531915158 0.0812026967111897 0.0632535652235181 0.00598892782969349 0.215256278320441
"NA19098.3.C03" 0.625059916852877 0.00517309153274614 0.122759507017026 0.00326091973893946 0.24374656485841
"NA19098.3.C04" 0.675829087411642 0.00737687199575932 0.0717774278450844 0.0203617284561684 0.224654884291346
"NA19098.3.C05" 0.663821249159966 0.0270896234354353 0.0779982199381295 0.0122719940776322 0.218818913388837
"NA19098.3.C09" 0.701055139487501 0.0153694951181421 0.0803812394115187 0.000123064024094027 0.203071061958744
"NA19098.3.C10" 0.711571113875985 0.000610306630336192 0.0641333128213323 0.000977241408354242 0.222708025263993
"NA19098.3.C11" 0.66471308651248 0.0279371394319011 0.0768341872476167 0.0153836555893671 0.215131931218635
"NA19098.3.C12" 0.68063168270075 0.000868813023545385 0.0700436749752269 0.00401821403599062 0.244437615264487
"NA19098.3.D02" 0.443817910499194 0.000220708577225532 0.281544957476312 0.000167027442855446 0.274249396004413
"NA19098.3.D03" 0.690483430920999 0.0131307067173478 0.0526926512975992 0.0164893193286924 0.227203891735362
"NA19098.3.D05" 0.70851810165924 0.0155985217779701 0.0498925073123481 0.000153267554537974 0.225837601695904
"NA19098.3.D07" 0.659215040745445 0.000803024399124289 0.127232899171013 0.000321787898317213 0.2124272477861
"NA19098.3.D09" 0.694666149896724 0.00396777760353374 0.0739121559197672 0.000692824350986719 0.226761092228988
"NA19098.3.D10" 0.651205841031495 0.0380753473142756 0.094789335851768 0.000239897303622383 0.215689578498839
"NA19098.3.D11" 0.645416544957485 0.00041343053810324 0.105887777058469 0.0160348407792056 0.232247406666738
"NA19098.3.D12" 0.588586820491278 0.000740875925340192 0.140010011111575 0.0118018145723525 0.258860477899454
"NA19098.3.E01" 0.688372894967956 0.000257358913331619 0.102250178679927 8.29476711698601e-05 0.209036619767615
"NA19098.3.E02" 0.703359427252618 0.0227667687689816 0.0599160578213843 0.000213902143340291 0.213743844013676
"NA19098.3.E03" 0.688168317397155 0.0180991888693248 0.0687499131531935 0.000481112426586544 0.22450146815374
"NA19098.3.E04" 0.650037760270246 0.000320512522000098 0.0970007680886169 0.0177435790141509 0.234897380104986
"NA19098.3.E06" 0.42726826341116 0.00031480561360103 0.270383343298379 0.000337257478139587 0.30169633019872
"NA19098.3.E07" 0.366129442884366 0.000953819370003443 0.312384877428339 0.0446398028952669 0.275892057422025
"NA19098.3.E10" 0.699408150425802 0.00268959098234669 0.0504725842797849 0.000320317647796504 0.24710935666427
"NA19098.3.E11" 0.75300564716146 0.00128194873380632 0.0272027260769299 0.00020078758175035 0.218308890446054
"NA19098.3.E12" 0.693061988023864 0.0012509902304451 0.0844064891793513 0.000161818083825674 0.221118714482514
"NA19098.3.F03" 0.663574887150068 0.00100645642346533 0.104695961334093 0.000149649295813971 0.230573045796559
"NA19098.3.F04" 0.658961659268977 0.00039691170036375 0.0931219299855158 0.0131476572668195 0.234371841778324
"NA19098.3.F05" 0.649090716058891 0.0514995162015982 0.0718542214156202 0.00106210457039737 0.226493441753493
"NA19098.3.F06" 0.665587664207562 0.00518415041040081 0.105582173981999 0.000221962584256111 0.223424048815782
"NA19098.3.F07" 0.543355380535557 0.000361988499028906 0.190658194661846 0.0103091721498049 0.255315264153763
"NA19098.3.F09" 0.687777763503721 0.0126963835639838 0.0618453592829116 0.0135922412911469 0.224088252358236
"NA19098.3.F10" 0.687287453806259 0.000340588597406781 0.092428354067544 0.000176059590398586 0.219767543938392
"NA19098.3.G01" 0.748358870361044 0.000597244892242408 0.0154439592493249 0.00033516693131715 0.235264758566071
"NA19098.3.G05" 0.75278355818982 0.0399560311459921 0.0258867702840944 0.000114192695183282 0.18125944768491
"NA19098.3.G06" 0.660023973929069 0.00920735709071891 0.0995301679819156 0.000956995371563073 0.230281505626734
"NA19098.3.G08" 0.47870833352208 0.000353078346087894 0.21985458778035 0.000164400191787339 0.300919600159694
"NA19098.3.G10" 0.717220079075324 0.0485802380099194 0.0254995721035936 0.0151944291093561 0.193505681701807
"NA19098.3.H02" 0.642033900329902 0.0490493718785423 0.0775931829712111 0.0171398455009483 0.214183699319396
"NA19098.3.H03" 0.621017231271765 0.0789498187615494 0.0685302544013602 0.000328424229974038 0.231174271335352
"NA19098.3.H04" 0.67202794410005 0.0342115028573524 0.0557187516041978 0.000547458857755739 0.237494342580644
"NA19098.3.H05" 0.648124587366392 0.0119907607673233 0.108815752120936 0.00778634009940673 0.223282559645942
"NA19098.3.H06" 0.671962801916554 0.0287372350511222 0.0670660967072722 0.0343966086518729 0.197837257673178
"NA19098.3.H10" 0.700586166086591 0.000400124127634449 0.0774811745931241 0.000202018812564193 0.221330516380086
"NA19098.3.H11" 0.483972342947391 0.000329372634846369 0.226271117805904 0.0495868721348547 0.239840294477005
"NA19098.3.H12" 0.695458458093714 0.0397615386017659 0.0424306870056085 0.00877716660808542 0.213572149690826
"NA19101.1.A02" 0.330155365163252 0.107745111572866 0.305892109369034 0.256039672199146 0.000167741695701823
"NA19101.1.A03" 0.451659110347834 0.116436723397225 0.216407770202333 0.215311186591466 0.000185209461142893
"NA19101.1.A04" 0.48101876475553 0.0571323259279717 0.184688711263971 0.276792911721716 0.000367286330811408
"NA19101.1.A05" 0.499703056621237 0.0583610151124687 0.232831830555666 0.2090454802573 5.86174533283437e-05
"NA19101.1.A06" 0.52286581570309 0.0569746755188883 0.210209649540966 0.20927869082489 0.000671168412166136
"NA19101.1.A07" 0.348787143960023 0.188613924605841 0.211455509698309 0.251021814736294 0.000121606999533215
"NA19101.1.A08" 0.325661220175737 0.0249439156489896 0.35425844371181 0.294849015964073 0.000287404499390542
"NA19101.1.A09" 0.454282819387902 0.104050713837604 0.236800231952038 0.204645087999053 0.00022114682340391
"NA19101.1.A10" 0.51387684484652 0.0223817885708685 0.191713988733426 0.271966915018574 6.04628306109629e-05
"NA19101.1.B02" 0.481422658904616 0.0193944320345369 0.271098430582983 0.227901331984596 0.000183146493268134
"NA19101.1.B03" 0.48468161780939 0.0770116381138438 0.160459083890151 0.27767927929943 0.00016838088718558
"NA19101.1.B04" 0.498203275906886 0.0166318314440278 0.244124275324858 0.238886388274489 0.00215422904973871
"NA19101.1.B05" 0.448978115141703 0.0376712922789804 0.278112472921748 0.234823348382269 0.00041477127530007
"NA19101.1.B07" 0.47651607288523 0.0343678337627229 0.297645382124258 0.190830727720246 0.000639983507542858
"NA19101.1.B08" 0.40591504979689 0.0710658681031987 0.281459686569601 0.228652739878013 0.0129066556522977
"NA19101.1.B09" 0.476915413953334 0.123296892904431 0.217451843217293 0.181970466437548 0.00036538348739428
"NA19101.1.B10" 0.511548145791442 0.0713626524944156 0.204808103643854 0.212160791140629 0.000120306929659907
"NA19101.1.B11" 0.528682543145375 0.00580472392227508 0.248387455511108 0.21692143946814 0.000203837953101869
"NA19101.1.B12" 0.498084985786679 0.0285277662566014 0.20477781294213 0.268509435128343 9.99998862465069e-05
"NA19101.1.C01" 0.461642882583673 0.0077762934639614 0.322397577550163 0.199781787363957 0.00840145903824575
"NA19101.1.C02" 0.37472027701869 0.000976132215565119 0.330163732125538 0.293964959429096 0.000174899211110736
"NA19101.1.C03" 0.453760024725418 0.107814753724604 0.18584011158373 0.252522885093259 6.2224872990261e-05
"NA19101.1.C04" 0.479711573015504 0.000590235542291507 0.24563389060289 0.253750204592109 0.0203140962472053
"NA19101.1.C05" 0.426437395685932 0.0091775371115315 0.343605989605163 0.220546218788165 0.000232858809208456
"NA19101.1.C06" 0.530036453576476 0.00727505473772908 0.280935303967588 0.18169242876565 6.07589525577481e-05
"NA19101.1.C07" 0.428955058082631 0.0682564516835008 0.303285425671156 0.193562665006695 0.00594039955601782
"NA19101.1.C08" 0.399465849979146 0.0132467738665188 0.328413658729856 0.258436175298411 0.000437542126068724
"NA19101.1.C09" 0.49431217278346 0.00144644816042259 0.274857418558742 0.229006970285222 0.000376990212153603
"NA19101.1.C10" 0.557671447834433 0.00053618697627123 0.233697106228961 0.206210527198241 0.00188473176209335
"NA19101.1.C11" 0.483845624849549 0.000249518249857138 0.228189822163702 0.258933837843412 0.0287811968934806
"NA19101.1.C12" 0.490476132723337 0.0245406119580719 0.275558824516443 0.209293573001769 0.000130857800378695
"NA19101.1.D01" 0.342297768825361 0.00030012706575867 0.371047509854984 0.259137627710625 0.0272169665432703
"NA19101.1.D02" 0.463003666640459 0.000342312577738142 0.36043586811862 0.175649675005555 0.000568477657627976
"NA19101.1.D03" 0.44930077286494 0.0921579005788253 0.240056421080501 0.218345897049257 0.000139008426475789
"NA19101.1.D05" 0.575265703267808 0.0271618559750383 0.193151168407054 0.204098391811381 0.000322880538719298
"NA19101.1.D06" 0.355033825399268 0.00028252474855749 0.331626991938488 0.283135364688954 0.0299212932247335
"NA19101.1.D07" 0.470628686732209 0.0493206607089028 0.276736841612928 0.202985742292744 0.000328068653215575
"NA19101.1.D08" 0.511998769271193 0.000294230846712313 0.229175185837272 0.237110648499564 0.021421165545259
"NA19101.1.D09" 0.50435815114644 0.0487244910516171 0.261442852919069 0.185190695581883 0.000283809300991439
"NA19101.1.D10" 0.523469714000388 0.00029755576270652 0.285240792640197 0.182151253725239 0.00884068387146983
"NA19101.1.D11" 0.561155046999996 0.0103853746997654 0.230261975871968 0.197990362818908 0.000207239609363315
"NA19101.1.D12" 0.509964368775316 0.0308742569077261 0.249316119238892 0.209664318005229 0.000180937072836342
"NA19101.1.E01" 0.47426378129475 0.000266912103936556 0.27111159745848 0.242314442655046 0.0120432664877872
"NA19101.1.E02" 0.481728888654691 0.000462446539708866 0.286217495007965 0.225958728552435 0.00563244124520037
"NA19101.1.E03" 0.545779236814612 0.000282237735941207 0.246797327646621 0.191057311724954 0.0160838860778719
"NA19101.1.E04" 0.550733630910314 0.000166320491256558 0.25023646809557 0.18737818505399 0.0114853954488703
"NA19101.1.E07" 0.52636417908228 0.0388540789608428 0.228207742532569 0.20642904941291 0.000144950011398387
"NA19101.1.E08" 0.509241064493873 0.000729503440938129 0.294312919993707 0.192665580070819 0.0030509320006631
"NA19101.1.E10" 0.613538257665194 0.000291426661943529 0.229730359560652 0.150113632430331 0.00632632368187973
"NA19101.1.E12" 0.539553431415856 0.000291930026306403 0.205507694455889 0.254588937523365 5.8006578583421e-05
"NA19101.1.F01" 0.4680860969764 0.0176937241516164 0.25363791525809 0.258751700776432 0.00183056283746165
"NA19101.1.F02" 0.57254651751341 0.000611572425256353 0.18900952628932 0.237723264703932 0.000109119068080883
"NA19101.1.F03" 0.525764467425481 0.022242897136226 0.254103959220591 0.197746958589759 0.00014171762794232
"NA19101.1.F04" 0.431152723680268 0.000667968701535464 0.310778562403613 0.257263003085823 0.00013774212876049
"NA19101.1.F07" 0.536628060772307 0.0141017650602407 0.244783475525481 0.204356473400039 0.000130225241932634
"NA19101.1.F08" 0.562180991117981 0.00398889131364865 0.23033221861993 0.20341087364972 8.70252987199407e-05
"NA19101.1.F09" 0.568489500883672 0.00678194230154984 0.262451944303156 0.14784980992244 0.0144268025891829
"NA19101.1.F11" 0.53580588787521 0.000678110305734741 0.255961627780508 0.197709453088874 0.00984492094967352
"NA19101.1.F12" 0.453785881746778 0.00207169700565637 0.304554142110311 0.239388579571881 0.000199699565373792
"NA19101.1.G02" 0.382051788594125 0.000714076210848051 0.326410616896936 0.275057368756765 0.0157661495413258
"NA19101.1.G03" 0.434605251470024 0.000658687025634001 0.288990821776354 0.275634118398109 0.000111121329879605
"NA19101.1.G04" 0.525169303559551 0.000360948568484803 0.278939004520763 0.188359972799649 0.00717077055155263
"NA19101.1.G05" 0.490499941129678 0.00760661943743964 0.285213925633409 0.216585180599937 9.43331995358933e-05
"NA19101.1.G07" 0.526439914716743 0.00137597085057884 0.274550675334005 0.19731981321461 0.000313625884062152
"NA19101.1.G08" 0.44706385149804 0.00146045601521675 0.312044041026445 0.238690607051307 0.000741044408991528
"NA19101.1.G09" 0.507869707291934 0.027079226462572 0.230436762484533 0.234419694799059 0.000194608961902347
"NA19101.1.G10" 0.539084476433025 0.000548805575987617 0.258005341462428 0.191622741928663 0.0107386345998966
"NA19101.1.G11" 0.554165025037076 0.035593313527587 0.196628505862629 0.213464655708551 0.000148499864156824
"NA19101.1.G12" 0.567733829948887 0.000697419151617158 0.253253481223571 0.16993965744578 0.00837561223014487
"NA19101.1.H01" 0.432302074320254 0.0320096292258305 0.241886183436072 0.293761430455364 4.06825624796049e-05
"NA19101.1.H02" 0.368539804756349 0.0841345546275799 0.282480899006325 0.261997301617387 0.00284743999235916
"NA19101.1.H03" 0.444472912876963 0.0259085714866033 0.316086974728475 0.199697417132518 0.0138341237754402
"NA19101.1.H05" 0.573112466679899 0.000450794835849201 0.212932327690154 0.210722286765608 0.00278212402848993
"NA19101.1.H06" 0.594481201036988 0.00145812306221852 0.156414409801269 0.247584595450622 6.16706489020125e-05
"NA19101.1.H08" 0.456348064048976 0.0569780371733584 0.266548719711451 0.220067578281772 5.76007844428022e-05
"NA19101.1.H10" 0.563803553388726 0.000107089727156086 0.252570470199963 0.182597659581471 0.000921227102683629
"NA19101.1.H12" 0.571778957877729 0.00101519523203184 0.242245528170937 0.18478305260774 0.000177266111562378
"NA19101.2.A01" 0.123805442551689 0.202303204766485 0.507105621523047 0.127851814566767 0.0389339165920127
"NA19101.2.A02" 0.212454471548766 0.280573085696068 0.385295371311587 0.103236770535452 0.0184403009081276
"NA19101.2.A06" 0.389742401526681 0.0567285487736861 0.416676515186808 0.11270310420233 0.0241494303104954
"NA19101.2.A08" 0.24951974359667 0.1926274739008 0.425856125067402 0.111318496913521 0.020678160521606
"NA19101.2.A09" 0.223324764137717 0.218165015382599 0.434800456607337 0.123555183132309 0.000154580740037593
"NA19101.2.A10" 0.251076708023507 0.245991527215214 0.356285216070601 0.137077613064814 0.00956893562586443
"NA19101.2.B02" 0.244255714151397 0.171316583078017 0.390744709017761 0.151951474172081 0.0417315195807434
"NA19101.2.B03" 0.181373815705001 0.192712473571304 0.468090083558677 0.133980901458896 0.023842725706122
"NA19101.2.B04" 0.000687026758228871 0.00077904480541522 0.750271113991256 0.110093155618988 0.138169658826112
"NA19101.2.B06" 0.166251919652735 0.190468416822005 0.460333461419821 0.142425004333401 0.0405211977720387
"NA19101.2.B08" 0.212618542781399 0.24220622060605 0.421280516317222 0.100121335790983 0.0237733845043465
"NA19101.2.B09" 0.232649012358929 0.193363018174817 0.440285157418406 0.107794523517378 0.0259082885304699
"NA19101.2.B10" 0.239869380378816 0.207133066132162 0.389677076937732 0.101625426028463 0.0616950505228259
"NA19101.2.B12" 0.28260175670189 0.134451720338767 0.480557088880001 0.0846886913710593 0.0177007427082829
"NA19101.2.C01" 0.00111807821027245 0.0733673949060704 0.731766318978911 0.0925591349030307 0.101189073001715
"NA19101.2.C03" 0.191628419197172 0.171747874029911 0.487291415486081 0.10051879974044 0.0488134915463957
"NA19101.2.C04" 0.369207496501794 0.100863919224184 0.408859073087354 0.0915554755256274 0.0295140356610398
"NA19101.2.C05" 0.15188583316997 0.153173469242279 0.523295798273505 0.138712144894775 0.032932754419471
"NA19101.2.C06" 0.417934432603485 0.111433116343885 0.345533272832806 0.0983184427195804 0.0267807355002435
"NA19101.2.C07" 0.474717186802798 0.128671667410899 0.33367157750721 0.0563853613389149 0.00655420694017789
"NA19101.2.C08" 0.272760404295879 0.106731262134782 0.488630275318474 0.110463310162547 0.0214147480883179
"NA19101.2.C09" 0.00033224125304574 0.000370792105669882 0.727816167262505 0.1231035386575 0.14837726072128
"NA19101.2.C11" 0.392827596516656 0.0837163951336676 0.407426781383272 0.0799841041881589 0.0360451227782452
"NA19101.2.D02" 0.21350940895974 0.0921652977319539 0.517622381377661 0.117585510910832 0.0591174010198133
"NA19101.2.D03" 0.425232026001374 0.105424206262478 0.354328351059682 0.0825562138494542 0.0324592028270128
"NA19101.2.D04" 0.373965411378687 0.10036077049975 0.364383131743935 0.107765575790183 0.0535251105874446
"NA19101.2.D05" 0.0299277893413977 0.0168770642923377 0.70991394646307 0.124708503166641 0.118572696736553
"NA19101.2.D06" 0.268216394695057 0.0829422633827497 0.475699883907251 0.109984797255824 0.0631566607591182
"NA19101.2.D07" 0.191547342904741 0.0392441887519677 0.589336145975131 0.128491956205837 0.0513803661623232
"NA19101.2.D08" 0.292464314222691 0.158360276829407 0.402747482730375 0.145432862920655 0.000995063296872343
"NA19101.2.D09" 0.107185360037171 0.0139615932606611 0.658825951846851 0.101181209330994 0.118845885524323
"NA19101.2.D10" 0.189434561925763 0.077006506670712 0.530392591094967 0.12141131916454 0.0817550211440186
"NA19101.2.D11" 0.364108252026365 0.14683232103717 0.353731912443957 0.102440083009535 0.0328874314829732
"NA19101.2.E01" 0.269162173001975 0.0592205885735558 0.523221454550799 0.109909845050303 0.0384859388233671
"NA19101.2.E02" 0.412399702178927 0.0747973021457861 0.381781674055887 0.0862716465513815 0.0447496750680182
"NA19101.2.E03" 0.222141966045707 0.00154387725667766 0.575094079149651 0.071167477248761 0.130052600299204
"NA19101.2.E04" 0.374556864619766 0.0448786349129879 0.486065009607536 0.0688184216846144 0.0256810691750956
"NA19101.2.E06" 0.127423796306421 0.0422873211630444 0.596230901077579 0.169142068273293 0.0649159131796637
"NA19101.2.E07" 0.254545726026118 0.0559217067435084 0.535581893010509 0.116324627839248 0.0376260463806167
"NA19101.2.E09" 0.229503747990352 0.00786362315348113 0.562938304783107 0.134358959771161 0.0653353643018992
"NA19101.2.E10" 0.444587515455243 0.0642848532206185 0.319694705628664 0.136211005079316 0.0352219206161577
"NA19101.2.E11" 0.334625437470445 0.0613042625376364 0.46681274809046 0.0925030111382605 0.044754540763198
"NA19101.2.E12" 0.481427790285849 0.119125105217788 0.3004840665179 0.0869872094466678 0.0119758285317957
"NA19101.2.F01" 0.363437136844075 0.0988445925978117 0.412881886020718 0.0818733442859412 0.0429630402514547
"NA19101.2.F03" 0.333932843193123 0.0589960419953355 0.505552676072812 0.0690318156088753 0.0324866231298541
"NA19101.2.F04" 0.303294581627587 0.0621187565301693 0.435898939335686 0.138305222131547 0.0603825003750106
"NA19101.2.F06" 0.498242129529902 0.0598259922729655 0.338433639541061 0.0674254685038767 0.0360727701521954
"NA19101.2.F07" 0.343572518138509 0.101799163536998 0.420240470830451 0.0945834794446935 0.0398043680493473
"NA19101.2.F08" 0.355219868872026 0.0270377173574548 0.471875104209958 0.0944093640505523 0.0514579455100089
"NA19101.2.F09" 0.204770327113558 0.126369471986344 0.520736976149554 0.122410823767063 0.0257124009834812
"NA19101.2.F12" 0.182883191798592 0.0030909450997188 0.607384723499632 0.101522053153596 0.105119086448461
"NA19101.2.G01" 0.2502867457224 0.144409296853544 0.452154489935047 0.109386527490486 0.0437629399985238
"NA19101.2.G02" 0.301319938678014 0.0564509680879711 0.442357040169141 0.153415141379363 0.0464569116855112
"NA19101.2.G03" 0.120310967487535 0.143282128703154 0.546092870552908 0.136720331669495 0.0535937015869078
"NA19101.2.G04" 0.357065374446521 0.114720699698972 0.406793933204385 0.0826146217663211 0.0388053708838008
"NA19101.2.G05" 0.246182458890223 0.14440981044814 0.491139687583287 0.0662938640967946 0.0519741789815557
"NA19101.2.G07" 0.170830921174851 0.12986152380593 0.514548763173814 0.143357025164233 0.0414017666811707
"NA19101.2.G08" 0.056533379894614 0.00128862088391299 0.664497121539421 0.144332115297556 0.133348762384496
"NA19101.2.G09" 0.283123842579473 0.188625846861316 0.398221458837766 0.0779339155018675 0.0520949362195771
"NA19101.2.G12" 0.286942419040199 0.109500855861675 0.45546134744414 0.107316578914494 0.0407787987394924
"NA19101.2.H01" 0.234535127758621 0.124224665440944 0.506358933072847 0.101615727386783 0.033265546340806
"NA19101.2.H02" 0.124858245812892 0.10263066008454 0.565470615449759 0.128778014681408 0.0782624639714011
"NA19101.2.H03" 0.282506081722741 0.148157432200364 0.442945113172409 0.0930377553111254 0.0333536175933614
"NA19101.2.H05" 0.469994338774849 0.0923905600286276 0.304845427101761 0.0805566282758565 0.0522130458189053
"NA19101.2.H06" 0.389606056003179 0.148689187322586 0.323553346909803 0.0882422724154987 0.0499091373489333
"NA19101.2.H07" 0.26744390100684 0.16530444433608 0.444152699589128 0.0953749490491924 0.0277240060187587
"NA19101.2.H08" 0.293648182810003 0.22546698216355 0.353315743293389 0.115001612036928 0.0125674796961299
"NA19101.2.H09" 0.000326874961546677 0.00565563176457787 0.756192697524005 0.123203175375542 0.114621620374329
"NA19101.3.A06" 0.434280228379537 0.122870275563858 0.264301221314829 0.136028330859435 0.0425199438823405
"NA19101.3.A07" 0.15990575902231 0.0492145754398278 0.502887572247832 0.206676171900683 0.0813159213893469
"NA19101.3.A10" 0.518478145421094 0.166995043770685 0.191722182695048 0.096568260831686 0.0262363672814878
"NA19101.3.A12" 0.454505278859952 0.072701526685852 0.274981324335868 0.163515515701507 0.0342963544168209
"NA19101.3.B01" 0.4532189041828 0.14358570870223 0.249120191757821 0.137617488362826 0.016457706994322
"NA19101.3.B02" 0.459925063371941 0.223175489022683 0.189509317768318 0.101061153743655 0.0263289760934026
"NA19101.3.B06" 0.421566295956367 0.0975736465106849 0.300925375795038 0.135232026910409 0.0447026548275005
"NA19101.3.B07" 0.473782632452116 0.210113651531557 0.187513529338175 0.0865213081169808 0.042068878561171
"NA19101.3.B08" 0.471077449150191 0.126783433148218 0.183084018321355 0.176070820053205 0.0429842793270307
"NA19101.3.B09" 0.489536264074782 0.0913871276619211 0.233744442057968 0.163916400865653 0.0214157653396761
"NA19101.3.B10" 0.477197372812909 0.135413513668762 0.24116245907773 0.111124685292159 0.0351019691484403
"NA19101.3.B11" 0.512410210972244 0.0294094701125426 0.244225858561847 0.155051902316898 0.0589025580364682
"NA19101.3.B12" 0.493061151562219 0.127526766604472 0.233259102783976 0.114063687332652 0.0320892917166815
"NA19101.3.C03" 0.307505299191111 0.225277697123157 0.284611533590444 0.157931512051536 0.0246739580437515
"NA19101.3.C04" 0.534658628181913 0.099981251433787 0.216413258619848 0.121160373355989 0.0277864884084622
"NA19101.3.C05" 0.537644624097028 0.0426220456126276 0.231495838650407 0.125850682217447 0.0623868094224909
"NA19101.3.C06" 0.549446539810897 0.0278030461004887 0.210248493807894 0.169721409530482 0.0427805107502387
"NA19101.3.C07" 0.59692102978079 0.0660846225716605 0.180196284428266 0.130077269792058 0.0267207934272258
"NA19101.3.C08" 0.579905006946477 0.0610216710848378 0.217553650206173 0.118427580712925 0.0230920910495864
"NA19101.3.C10" 0.492259319023933 0.00334302677805938 0.335147113299686 0.0897879308146113 0.0794626100837103
"NA19101.3.C11" 0.569187954328216 0.0229161249111497 0.236925075741486 0.0936434170777219 0.0773274279414271
"NA19101.3.D03" 0.490863827043031 0.0987000608607917 0.238121143805443 0.139106726975929 0.033208241314805
"NA19101.3.D06" 0.626426759962695 0.0213960513300005 0.210483420745865 0.0851934719883635 0.0565002959730763
"NA19101.3.D08" 0.603286536816302 0.0665389545237337 0.156343733748309 0.13517365575378 0.0386571191578754
"NA19101.3.D10" 0.625168831008202 0.0151193488399113 0.157892762381929 0.147295474030641 0.0545235837393171
"NA19101.3.D12" 0.50625001509187 0.098054991105599 0.248272493337953 0.127866525508543 0.0195559749560344
"NA19101.3.E02" 0.543745798371585 0.0843724009219546 0.24137951083625 0.122331070063085 0.00817121980712575
"NA19101.3.E03" 0.476915139567273 0.00197203235537726 0.317121783766959 0.140209271808507 0.0637817725018834
"NA19101.3.E04" 0.516143657842401 0.000244540179177448 0.346602858919682 0.0921496423610206 0.0448593006977195
"NA19101.3.E06" 0.536221353702602 0.00106695404151503 0.287748826241733 0.109418432553777 0.0655444334603731
"NA19101.3.E07" 0.57486432030852 0.0717610380265169 0.200214010700036 0.0856686602597538 0.0674919707051729
"NA19101.3.E09" 0.438113106931059 0.0774237915255684 0.284346256352431 0.138978426322119 0.0611384188688218
"NA19101.3.F01" 0.548216661967678 0.026263979160253 0.23564288315579 0.137632097901165 0.0522443778151129
"NA19101.3.F02" 0.535712026601016 0.040169833314639 0.259148196632712 0.117995557942354 0.0469743855092785
"NA19101.3.F03" 0.590009309861667 0.0417065124783929 0.2386653471658 0.0631711018211826 0.0664477286729575
"NA19101.3.F05" 0.575587961755813 0.0503481039958043 0.172639734297088 0.163796327481583 0.037627872469712
"NA19101.3.F07" 0.484965217267229 0.0252932309430152 0.248625153877497 0.150691377379969 0.0904250205322903
"NA19101.3.F08" 0.424912700213134 0.144933555074509 0.242858684366605 0.152909524269803 0.0343855360759487
"NA19101.3.F10" 0.536435375085014 0.0530779020247911 0.159495477210326 0.220696675171898 0.030294570507971
"NA19101.3.F11" 0.528614098286219 0.0425745106101885 0.265954903427054 0.130824393992318 0.032032093684221
"NA19101.3.F12" 0.626083329018202 0.0727363122176337 0.197441730111751 0.0726108011487777 0.0311278275036359
"NA19101.3.G01" 0.371761629959101 0.0085079632979188 0.385884339507884 0.181446944478469 0.0523991227566272
"NA19101.3.G03" 0.461568283203559 0.10304488750925 0.263679517919345 0.140883327564321 0.0308239838035253
"NA19101.3.G05" 0.547171749122723 0.0574424231896583 0.204818605547252 0.14649791545583 0.0440693066845364
"NA19101.3.G06" 0.54989518209574 0.0456655278851131 0.213498062328027 0.1605950166118 0.0303462110793192
"NA19101.3.G07" 0.416619756903481 0.0943213165202085 0.317863059777077 0.106656544322372 0.0645393224768622
"NA19101.3.G08" 0.370579871450708 0.151761157945785 0.296569107391466 0.134690778213948 0.0463990849980933
"NA19101.3.G10" 0.528026158620868 0.151804001154642 0.139703820472784 0.180176647690377 0.000289372061330201
"NA19101.3.G11" 0.523350896650433 0.0616711722281176 0.27489440623719 0.0988739209215854 0.0412096039626739
"NA19101.3.G12" 0.499482760387345 0.121956034017986 0.233562420622082 0.144731621377925 0.000267163594662144
"NA19101.3.H05" 0.592362371191756 0.126202748685168 0.160136994499723 0.110593305335122 0.010704580288231
"NA19101.3.H08" 0.445542233509027 0.168463235403953 0.213703473954513 0.143864859580888 0.0284261975516193
"NA19239.1.A01" 0.147042979459068 0.633222466325672 0.213825979338162 0.00150622153594812 0.00440235334115036
"NA19239.1.A03" 0.102446867878536 0.64553767605086 0.190892406010217 0.0537272214449046 0.00739582861548286
"NA19239.1.A05" 0.344976973588348 0.500325330256695 0.154463519365669 8.8990165987124e-05 0.000145186623300711
"NA19239.1.A06" 0.238741273622794 0.553279283153552 0.190322548867374 0.000101065697015341 0.0175558286592644
"NA19239.1.A08" 0.111906006615511 0.672168696820967 0.179926308465709 0.0212195626371101 0.0147794254607029
"NA19239.1.A09" 0.113521670737123 0.595669210427 0.239694151608326 0.0158371342906885 0.0352778329368624
"NA19239.1.A10" 0.256053556841956 0.530097979308713 0.201857326814869 0.000213235158902522 0.0117779018755592
"NA19239.1.B02" 0.260876493474811 0.428625049397699 0.233412325331963 0.052546694653794 0.0245394371417331
"NA19239.1.B03" 0.132946238833287 0.622553808844216 0.226391496354682 0.0171920930240623 0.000916362943753281
"NA19239.1.B05" 0.210290514030497 0.491073027333176 0.268681209928432 0.000330709927123867 0.0296245387807712
"NA19239.1.B06" 0.0367077719615173 0.523590652920149 0.350651102486493 0.0509977890450431 0.0380526835867974
"NA19239.1.B07" 0.138184542627173 0.578504378805951 0.238635660030992 0.0196548767428213 0.025020541793063
"NA19239.1.B08" 0.29082567324303 0.601722471659131 0.107226249353753 0.000147211048514721 7.83946955709807e-05
