"1" "2" "3"
"NA19098.1.A01" 0.567213351117035 0.334043738648707 0.0987429102342581
"NA19098.1.A02" 0.727026551554447 0.166740890167442 0.106232558278111
"NA19098.1.A03" 0.598762359715713 0.289025580365682 0.112212059918605
"NA19098.1.A04" 0.574534343995584 0.320860603753998 0.104605052250418
"NA19098.1.A05" 0.669925092610367 0.227311970764617 0.102762936625016
"NA19098.1.A06" 0.736892327175497 0.142643713518917 0.120463959305586
"NA19098.1.A07" 0.69214879425195 0.199314742518382 0.108536463229668
"NA19098.1.A08" 0.773769619421693 0.11075737665453 0.115473003923776
"NA19098.1.A09" 0.748106368543199 0.121946375264198 0.129947256192603
"NA19098.1.A10" 0.767868080293278 0.110430383776292 0.121701535930431
"NA19098.1.A11" 0.653141087577297 0.229793013450947 0.117065898971756
"NA19098.1.A12" 0.781543422693333 0.102891953133247 0.115564624173419
"NA19098.1.B01" 0.807726320159232 0.0929384317196194 0.0993352481211488
"NA19098.1.B02" 0.740704675762473 0.130658811990411 0.128636512247116
"NA19098.1.B03" 0.573534588273193 0.311539937786191 0.114925473940615
"NA19098.1.B05" 0.725769974916707 0.159315155006591 0.114914870076702
"NA19098.1.B06" 0.646292307876064 0.256640955442709 0.0970667366812266
"NA19098.1.B07" 0.797340350309645 0.0961721015753353 0.10648754811502
"NA19098.1.B08" 0.782693550966455 0.0831212558174039 0.134185193216141
"NA19098.1.B09" 0.590783197156362 0.267651246399329 0.141565556444308
"NA19098.1.B10" 0.349555650562827 0.544504857498094 0.105939491939079
"NA19098.1.B11" 0.600919150175525 0.281975322453682 0.117105527370793
"NA19098.1.B12" 0.778946212001614 0.103277937481007 0.117775850517379
"NA19098.1.C01" 0.753177587775829 0.134544656968883 0.112277755255289
"NA19098.1.C02" 0.780385404754046 0.118524038537738 0.101090556708216
"NA19098.1.C03" 0.680872173775457 0.217560538990485 0.101567287234058
"NA19098.1.C04" 0.676573861561639 0.232430308586464 0.0909958298518965
"NA19098.1.C05" 0.638227702061386 0.262988994637558 0.0987833033010552
"NA19098.1.C06" 0.690800877542561 0.188999741332745 0.120199381124694
"NA19098.1.C07" 0.76701461290156 0.112645349882659 0.120340037215781
"NA19098.1.C08" 0.617012052614897 0.284136565163072 0.0988513822220302
"NA19098.1.C09" 0.694501966026784 0.193062043159223 0.112435990813994
"NA19098.1.C10" 0.802964567024889 0.0972432220625819 0.0997922109125292
"NA19098.1.C11" 0.754755000198005 0.140062726243704 0.105182273558291
"NA19098.1.C12" 0.555513682161548 0.3293158310587 0.115170486779752
"NA19098.1.D01" 0.598460744623832 0.319086713382463 0.0824525419937051
"NA19098.1.D02" 0.702479821712236 0.19408277098121 0.103437407306553
"NA19098.1.D03" 0.79785523971627 0.102339550365405 0.0998052099183247
"NA19098.1.D04" 0.719330746024516 0.176818768769213 0.103850485206271
"NA19098.1.D05" 0.482434213688289 0.433062108177402 0.0845036781343082
"NA19098.1.D06" 0.779796697687525 0.118631187885724 0.101572114426752
"NA19098.1.D07" 0.179272068837711 0.72787722460161 0.0928507065606789
"NA19098.1.D08" 0.657243901144206 0.238034011278562 0.104722087577231
"NA19098.1.D09" 0.620782497425838 0.270131197657882 0.10908630491628
"NA19098.1.D10" 0.730449021440715 0.163251428686005 0.10629954987328
"NA19098.1.D11" 0.578709283895921 0.318445117142403 0.102845598961676
"NA19098.1.D12" 0.817955764345265 0.0850194272187153 0.09702480843602
"NA19098.1.E01" 0.694417720292061 0.196411940544613 0.109170339163326
"NA19098.1.E02" 0.723239896743805 0.16809503292523 0.108665070330964
"NA19098.1.E03" 0.772653263971666 0.127366114608924 0.0999806214194094
"NA19098.1.E05" 0.685547586308347 0.212229836846726 0.102222576844928
"NA19098.1.E06" 0.70041819903428 0.19422395675859 0.10535784420713
"NA19098.1.E07" 0.531878478351149 0.372900959726931 0.0952205619219193
"NA19098.1.E08" 0.773885689373599 0.12444011060136 0.101674200025041
"NA19098.1.E09" 0.696503056014175 0.181657303440046 0.12183964054578
"NA19098.1.E10" 0.763931886027922 0.128999264131965 0.107068849840112
"NA19098.1.E11" 0.616867844103554 0.305943455999354 0.0771886998970919
"NA19098.1.E12" 0.704772339916448 0.18430909858085 0.110918561502701
"NA19098.1.F01" 0.640171325790068 0.207598365557992 0.15223030865194
"NA19098.1.F02" 0.81581199409937 0.0760074685229346 0.108180537377696
"NA19098.1.F03" 0.787459016421925 0.116683156017214 0.0958578275608612
"NA19098.1.F04" 0.507972785455931 0.392830466962249 0.0991967475818193
"NA19098.1.F06" 0.252179477813694 0.662849839551923 0.0849706826343827
"NA19098.1.F07" 0.57248795504603 0.328065754722011 0.0994462902319584
"NA19098.1.F08" 0.659053977922232 0.247746615835953 0.0931994062418151
"NA19098.1.F09" 0.753167163768505 0.129578389569769 0.117254446661726
"NA19098.1.F10" 0.803973879263657 0.0939461427174197 0.102079978018924
"NA19098.1.F11" 0.759197553055921 0.137651333901706 0.103151113042373
"NA19098.1.F12" 0.66667523134364 0.221070200444405 0.112254568211954
"NA19098.1.G01" 0.599607454649234 0.309219962517081 0.0911725828336844
"NA19098.1.G02" 0.756452406659175 0.120905150727702 0.122642442613123
"NA19098.1.G03" 0.580529316955414 0.322025166490886 0.0974455165537007
"NA19098.1.G04" 0.684739056637981 0.218847142986906 0.0964138003751134
"NA19098.1.G05" 0.737270849791284 0.157867728406796 0.10486142180192
"NA19098.1.G06" 0.688246546262643 0.212143593108745 0.0996098606286121
"NA19098.1.G07" 0.607957668039836 0.289383497294765 0.102658834665399
"NA19098.1.G08" 0.698634872612988 0.184926577479677 0.116438549907335
"NA19098.1.G09" 0.705124486321311 0.181012680887341 0.113862832791348
"NA19098.1.G10" 0.765601670636145 0.128455456315628 0.105942873048227
"NA19098.1.G11" 0.766185105769834 0.126294470845764 0.107520423384403
"NA19098.1.G12" 0.659492240923024 0.240358419472781 0.100149339604195
"NA19098.1.H01" 0.754815852097857 0.140243725095978 0.104940422806166
"NA19098.1.H02" 0.597089127431711 0.295745144460391 0.107165728107898
"NA19098.1.H03" 0.561968901756348 0.335802319082844 0.102228779160808
"NA19098.1.H04" 0.701968438266929 0.19819347688611 0.0998380848469608
"NA19098.1.H05" 0.759457795732431 0.148476554969891 0.0920656492976781
"NA19098.1.H06" 0.390350695252657 0.501694048709317 0.107955256038026
"NA19098.1.H07" 0.604533245329123 0.297291211253836 0.0981755434170408
"NA19098.1.H08" 0.393887283627156 0.470730214139405 0.135382502233439
"NA19098.1.H09" 0.517045247044712 0.335662455227917 0.147292297727371
"NA19098.1.H10" 0.716260882576978 0.17432721818886 0.109411899234162
"NA19098.1.H11" 0.74113357236169 0.157608123782698 0.101258303855613
"NA19098.1.H12" 0.591205954111327 0.307251085100271 0.101542960788403
"NA19098.2.A01" 0.153826337929369 0.755467651324793 0.0907060107458384
"NA19098.2.A02" 0.754200050215647 0.137330571956136 0.108469377828217
"NA19098.2.A03" 0.761331498386996 0.130683741225527 0.107984760387477
"NA19098.2.A04" 0.811603450020878 0.0785531975702925 0.109843352408829
"NA19098.2.A05" 0.822316854319508 0.0797543421201467 0.0979288035603454
"NA19098.2.A06" 0.293225226035364 0.601724849232265 0.105049924732371
"NA19098.2.A07" 0.807643003191099 0.077728388067412 0.114628608741489
"NA19098.2.A08" 0.79530476765174 0.0807741457783712 0.123921086569889
"NA19098.2.A09" 0.401597202206489 0.491412315852876 0.106990481940636
"NA19098.2.A10" 0.702462389971304 0.194296784985178 0.103240825043518
"NA19098.2.A11" 0.783604088105235 0.0934287639947507 0.122967147900014
"NA19098.2.B01" 0.323905988454469 0.573401873196556 0.102692138348975
"NA19098.2.B02" 0.773374346122145 0.12465712792641 0.101968525951445
"NA19098.2.B03" 0.775894441677817 0.122340419874973 0.10176513844721
"NA19098.2.B04" 0.776652526195333 0.107286555327576 0.116060918477091
"NA19098.2.B05" 0.787779032208903 0.099181336362141 0.113039631428956
"NA19098.2.B06" 0.809466032108605 0.0825949938078283 0.107938974083567
"NA19098.2.B07" 0.773852509691938 0.117961059169505 0.108186431138557
"NA19098.2.B08" 0.798814339671658 0.0946057136538822 0.106579946674459
"NA19098.2.B09" 0.774435288300472 0.111957206411997 0.113607505287531
"NA19098.2.B10" 0.837050376855043 0.0607466538469223 0.102202969298034
"NA19098.2.B11" 0.303875676521674 0.591053858993117 0.105070464485209
"NA19098.2.C01" 0.698710960991119 0.20734016457763 0.0939488744312506
"NA19098.2.C02" 0.690315737440745 0.191379418720707 0.118304843838548
"NA19098.2.C03" 0.696089263880483 0.190243750778432 0.113666985341085
"NA19098.2.C04" 0.514168781200621 0.337067204251998 0.148764014547381
"NA19098.2.C05" 0.714788752744612 0.178087320695216 0.107123926560172
"NA19098.2.C06" 0.610897094985367 0.303161602814184 0.0859413022004498
"NA19098.2.C07" 0.718110879679757 0.190773596717735 0.0911155236025077
"NA19098.2.C08" 0.741550365901547 0.144728953853328 0.113720680245125
"NA19098.2.C09" 0.284597197762251 0.610910610820884 0.104492191416865
"NA19098.2.C10" 0.697957699470027 0.18955052225174 0.112491778278233
"NA19098.2.C11" 0.769409666948706 0.114729853014438 0.115860480036856
"NA19098.2.C12" 0.785558716145785 0.112905778131328 0.101535505722888
"NA19098.2.D01" 0.712123273079993 0.184904361438925 0.102972365481082
"NA19098.2.D02" 0.504875499781012 0.397747666693246 0.0973768335257418
"NA19098.2.D03" 0.538390888326026 0.360976337177125 0.10063277449685
"NA19098.2.D04" 0.638509543336335 0.268133240357935 0.0933572163057306
"NA19098.2.D05" 0.794778913954682 0.106863119097411 0.0983579669479073
"NA19098.2.D06" 0.750868860465798 0.144599682069802 0.1045314574644
"NA19098.2.D08" 0.756185151596232 0.148180000897999 0.0956348475057697
"NA19098.2.D09" 0.264263577678911 0.647539280665618 0.0881971416554706
"NA19098.2.D10" 0.67273260291934 0.228284065878849 0.0989833312018114
"NA19098.2.D11" 0.761232628016932 0.130912834850667 0.107854537132402
"NA19098.2.D12" 0.78255169205701 0.109446428278101 0.108001879664889
"NA19098.2.E01" 0.767306653118515 0.136231866882104 0.0964614799993807
"NA19098.2.E02" 0.79702958151223 0.0963273682106773 0.106643050277093
"NA19098.2.E03" 0.784396565455329 0.105551871926482 0.110051562618189
"NA19098.2.E04" 0.330033995754172 0.581324338443962 0.0886416658018658
"NA19098.2.E05" 0.679890033330339 0.208510380793095 0.111599585876566
"NA19098.2.E06" 0.755074293353733 0.132751499103416 0.112174207542851
"NA19098.2.E07" 0.511875503241988 0.406060991370207 0.0820635053878049
"NA19098.2.E08" 0.771831187856973 0.126559178795434 0.101609633347593
"NA19098.2.E09" 0.840558891610345 0.053185124952177 0.106255983437478
"NA19098.2.E11" 0.799431525631943 0.100486728052761 0.100081746315296
"NA19098.2.E12" 0.689324611614062 0.205670617834957 0.10500477055098
"NA19098.2.F01" 0.309520705080995 0.592214334769575 0.0982649601494303
"NA19098.2.F02" 0.776116014899518 0.114073957508787 0.109810027591695
"NA19098.2.F03" 0.778556404697445 0.115637665941995 0.10580592936056
"NA19098.2.F04" 0.653309302519338 0.251996293777598 0.0946944037030635
"NA19098.2.F05" 0.819159543186833 0.076303119559011 0.104537337254156
"NA19098.2.F07" 0.762531823926757 0.138582876438352 0.0988852996348911
"NA19098.2.F08" 0.755768992093309 0.14934242468182 0.0948885832248703
"NA19098.2.F09" 0.830801025009389 0.0564320667635844 0.112766908227026
"NA19098.2.F10" 0.735511416841108 0.162069737651301 0.10241884550759
"NA19098.2.F11" 0.336786166285992 0.553693433633208 0.109520400080799
"NA19098.2.F12" 0.810222941792774 0.0803367604575828 0.109440297749643
"NA19098.2.G01" 0.368779936565171 0.537928909856906 0.0932911535779234
"NA19098.2.G02" 0.749600434256439 0.1309836784712 0.119415887272361
"NA19098.2.G03" 0.749588052378163 0.132297387729153 0.118114559892684
"NA19098.2.G04" 0.869409963268042 0.0247680943738059 0.105821942358152
"NA19098.2.G05" 0.553575119090857 0.353933215805892 0.0924916651032502
"NA19098.2.G06" 0.740926795136658 0.150242492996973 0.108830711866369
"NA19098.2.G07" 0.7620272636144 0.130055342760384 0.107917393625217
"NA19098.2.G08" 0.726693770086754 0.169470693935577 0.103835535977669
"NA19098.2.G09" 0.776041977142158 0.114442035684009 0.109515987173833
"NA19098.2.G10" 0.509132128074462 0.346797947951895 0.144069923973643
"NA19098.2.G11" 0.601728475513976 0.282905271071987 0.115366253414037
"NA19098.2.G12" 0.723918318590278 0.156064247913762 0.120017433495961
"NA19098.2.H01" 0.400265668213109 0.496575136296991 0.103159195489901
"NA19098.2.H02" 0.714113464534864 0.170631236361874 0.115255299103262
"NA19098.2.H03" 0.702206096878766 0.180545308736823 0.117248594384412
"NA19098.2.H04" 0.755745189436879 0.136308810746286 0.107945999816835
"NA19098.2.H05" 0.818734770845156 0.0605056355654858 0.120759593589358
"NA19098.2.H06" 0.669486312367428 0.241146546885159 0.0893671407474134
"NA19098.2.H07" 0.338049241580442 0.542296619448726 0.119654138970833
"NA19098.2.H08" 0.278245146116523 0.630801722824316 0.090953131059161
"NA19098.2.H10" 0.786882413753321 0.0954000925569798 0.117717493689699
"NA19098.2.H11" 0.750494189271877 0.141088800946847 0.108417009781276
"NA19098.2.H12" 0.323457220846366 0.576383420623485 0.100159358530149
"NA19098.3.A03" 0.794270712693992 0.0892427361034993 0.116486551202509
"NA19098.3.A05" 0.380321855117563 0.533851301294918 0.0858268435875191
"NA19098.3.A06" 0.682437497200631 0.221616830286929 0.0959456725124397
"NA19098.3.A07" 0.445659135397655 0.45868345951459 0.0956574050877546
"NA19098.3.A08" 0.760846479329126 0.130014527462496 0.109138993208378
"NA19098.3.A12" 0.754985877238183 0.133539912552377 0.11147421020944
"NA19098.3.B01" 0.654048380998856 0.237265303725008 0.108686315276136
"NA19098.3.B02" 0.463207981044563 0.421514075924262 0.115277943031175
"NA19098.3.B03" 0.791741213691883 0.0924146604661339 0.115844125841983
"NA19098.3.B04" 0.839922796642021 0.0554806157029557 0.104596587655023
"NA19098.3.B05" 0.818329460901153 0.0771527877903528 0.104517751308495
"NA19098.3.B06" 0.536280543013395 0.340432706471084 0.123286750515521
"NA19098.3.B07" 0.83941167447089 0.0492453598370497 0.11134296569206
"NA19098.3.B08" 0.755487514350962 0.0930372838539935 0.151475201795044
"NA19098.3.B09" 0.823477515147631 0.0493368877192824 0.127185597133087
"NA19098.3.B11" 0.786124958702412 0.117179292585158 0.0966957487124294
"NA19098.3.B12" 0.743903267383474 0.146302150609329 0.109794582007198
"NA19098.3.C01" 0.759683569844432 0.141312647582139 0.0990037825734293
"NA19098.3.C02" 0.636978536177023 0.206912657443021 0.156108806379956
"NA19098.3.C03" 0.664012154584253 0.240838227031121 0.0951496183846269
"NA19098.3.C04" 0.784602317996754 0.116243508365295 0.0991541736379512
"NA19098.3.C05" 0.779488385151132 0.118223852032257 0.102287762816611
"NA19098.3.C07" 0.386453365471141 0.515484999551325 0.0980616349775338
"NA19098.3.C08" 0.576021109129834 0.281793895796079 0.142184995074087
"NA19098.3.C09" 0.848957430028056 0.0482566138793859 0.102785956092558
"NA19098.3.C10" 0.808191023289233 0.0841772093013357 0.107631767409432
"NA19098.3.C11" 0.777424932637238 0.128636598949804 0.0939384684129581
"NA19098.3.C12" 0.705350425511546 0.19774587178402 0.0969037027044336
"NA19098.3.D01" 0.478218355275783 0.41518376248866 0.106597882235557
"NA19098.3.D02" 0.545644203448369 0.338949018755853 0.115406777795778
"NA19098.3.D03" 0.820146934091121 0.0714366548759591 0.10841641103292
"NA19098.3.D05" 0.821222000499425 0.0746435934939687 0.104134406006607
"NA19098.3.D07" 0.82743787708054 0.0466863597019605 0.125875763217499
"NA19098.3.D09" 0.783762176179503 0.10959151785443 0.106646305966067
"NA19098.3.D10" 0.772259114844342 0.124237690931228 0.103503194224431
"NA19098.3.D11" 0.731941451624914 0.170672261674278 0.0973862867008082
"NA19098.3.D12" 0.625674925289281 0.282855599730861 0.0914694749798579
"NA19098.3.E01" 0.787206374478935 0.106758393907664 0.106035231613402
"NA19098.3.E02" 0.807582599311344 0.0933441549127688 0.0990732457758869
"NA19098.3.E03" 0.805067771045589 0.0886260090165245 0.106306219937886
"NA19098.3.E04" 0.729992500920661 0.170664730861337 0.0993427682180022
"NA19098.3.E05" 0.371647208523298 0.529472297935412 0.0988804935412898
"NA19098.3.E06" 0.461983845912548 0.426666072522237 0.111350081565215
"NA19098.3.E07" 0.474496563931964 0.411587302581401 0.113916133486635
"NA19098.3.E08" 0.397470198928369 0.51627440977972 0.0862553912919106
"NA19098.3.E09" 0.459904224904798 0.437160664588527 0.102935110506675
"NA19098.3.E10" 0.797200975807754 0.0824488230747135 0.120350201117533
"NA19098.3.E11" 0.859458365786843 0.0383182238683421 0.102223410344815
"NA19098.3.E12" 0.775811780545749 0.111499049239032 0.11268917021522
"NA19098.3.F01" 0.574677906340061 0.289334599886566 0.135987493773373
"NA19098.3.F03" 0.738032115536453 0.160386044760708 0.101581839702839
"NA19098.3.F04" 0.729628025156666 0.169477736520808 0.100894238322526
"NA19098.3.F05" 0.720243649525299 0.191647180846198 0.0881091696285037
"NA19098.3.F06" 0.748484200887962 0.159216820557717 0.0922989785543207
"NA19098.3.F07" 0.56051398830185 0.361968184152194 0.0775178275459565
"NA19098.3.F09" 0.802903253793575 0.0853562619554417 0.111740484250983
"NA19098.3.F10" 0.770774779770067 0.131828908874026 0.0973963113559074
"NA19098.3.F11" 0.363303273055479 0.543895816244077 0.0928009107004447
"NA19098.3.G01" 0.823358933179206 0.0561934590509102 0.120447607769884
"NA19098.3.G02" 0.434872333701421 0.458812474056286 0.106315192242293
"NA19098.3.G03" 0.386732289788457 0.527479820569138 0.0857878896424045
"NA19098.3.G04" 0.440542407566323 0.470087763375657 0.0893698290580209
"NA19098.3.G05" 0.891492107831764 0.0153834898931388 0.0931244022750972
"NA19098.3.G06" 0.739040479003057 0.164042433099388 0.0969170878975548
"NA19098.3.G07" 0.456505482729095 0.449439226100876 0.0940552911700287
"NA19098.3.G08" 0.475605768873553 0.429664629294426 0.0947296018320218
"NA19098.3.G09" 0.55275452694467 0.350944241334318 0.0963012317210121
"NA19098.3.G10" 0.870604043512421 0.0184796033868099 0.110916353100769
"NA19098.3.G11" 0.391545654590667 0.512452185550228 0.0960021598591052
"NA19098.3.G12" 0.425828064202321 0.481079029127437 0.0930929066702422
"NA19098.3.H01" 0.484061492662579 0.400798303446239 0.115140203891183
"NA19098.3.H02" 0.726304806399036 0.189505161692067 0.084190031908897
"NA19098.3.H03" 0.764236354395895 0.130129953190365 0.10563369241374
"NA19098.3.H04" 0.836127389093949 0.0404319132070559 0.123440697698995
"NA19098.3.H05" 0.736199833187943 0.161719546978148 0.10208061983391
"NA19098.3.H06" 0.785722720098119 0.113897976913739 0.100379302988142
"NA19098.3.H07" 0.509710897580034 0.342047679717985 0.148241422701981
"NA19098.3.H08" 0.470691262057116 0.415539576685044 0.11376916125784
"NA19098.3.H09" 0.564968821419726 0.34085495545495 0.094176223125324
"NA19098.3.H10" 0.780250124854325 0.124202616004159 0.0955472591415162
"NA19098.3.H11" 0.538485043417873 0.376484736218566 0.0850302203635615
"NA19098.3.H12" 0.803173430291238 0.0931666309053721 0.10365993880339
"NA19239.1.A01" 0.645039244615336 0.25021304162349 0.104747713761174
"NA19239.1.A02" 0.554096374430874 0.319704200418647 0.126199425150479
"NA19239.1.A03" 0.63040114552712 0.243219811376505 0.126379043096375
"NA19239.1.A04" 0.580974889734825 0.263868410312969 0.155156699952205
"NA19239.1.A05" 0.793284883971379 0.0916096054753983 0.115105510553222
"NA19239.1.A06" 0.712227245085454 0.171039361098022 0.116733393816525
"NA19239.1.A07" 0.41709962681686 0.479032533416196 0.103867839766943
"NA19239.1.A08" 0.624169392797431 0.268163440243892 0.107667166958677
"NA19239.1.A09" 0.583302221220767 0.318513173548747 0.098184605230486
"NA19239.1.A10" 0.728320736244892 0.147342241886621 0.124337021868486
"NA19239.1.A11" 0.691699041554439 0.17483607799433 0.133464880451232
"NA19239.1.A12" 0.625054235630109 0.238113157624875 0.136832606745016
"NA19239.1.B02" 0.702876374122401 0.162987322495858 0.134136303381741
"NA19239.1.B03" 0.618116103202877 0.277400782177002 0.104483114620121
"NA19239.1.B05" 0.61903189733384 0.254644384978485 0.126323717687675
"NA19239.1.B06" 0.440377024724584 0.459477600285008 0.100145374990409
"NA19239.1.B07" 0.568770687909558 0.325667068649693 0.105562243440749
"NA19239.1.B08" 0.774157037828719 0.12689604518904 0.0989469169822412
"NA19239.1.B09" 0.765576058324923 0.131414997657075 0.103008944018002
"NA19239.1.B10" 0.451120765536496 0.458020637809037 0.0908585966544675
"NA19239.1.B11" 0.727908416320083 0.186357246107466 0.0857343375724518
"NA19239.1.B12" 0.791715243402741 0.106417083050037 0.101867673547221
"NA19239.1.C01" 0.599514344665472 0.297625384516708 0.10286027081782
"NA19239.1.C02" 0.826822594262324 0.0581360131295239 0.115041392608152
"NA19239.1.C03" 0.746524107554747 0.151722310407421 0.101753582037832
"NA19239.1.C05" 0.772638832410343 0.133354427781783 0.0940067398078745
"NA19239.1.C06" 0.640147211322034 0.272581048201776 0.0872717404761894
"NA19239.1.C07" 0.358867889950201 0.527556203720589 0.11357590632921
"NA19239.1.C08" 0.696338276383404 0.211916373276962 0.0917453503396341
"NA19239.1.C09" 0.799985336881674 0.0936063132014247 0.106408349916901
"NA19239.1.C10" 0.736148931641682 0.165696876560718 0.0981541917975996
"NA19239.1.C11" 0.501949642279922 0.403763055054751 0.0942873026653272
"NA19239.1.C12" 0.777104119820866 0.130386534816147 0.0925093453629871
"NA19239.1.D01" 0.750542718314205 0.170095855107875 0.07936142657792
"NA19239.1.D02" 0.701076045880939 0.200216611383813 0.0987073427352479
"NA19239.1.D03" 0.549463107925111 0.350959358594537 0.0995775334803519
"NA19239.1.D04" 0.656084507941181 0.249552277385326 0.094363214673494
"NA19239.1.D05" 0.593743597133935 0.350533862098443 0.0557225407676228
"NA19239.1.D06" 0.755690669273673 0.14763071292216 0.0966786178041667
"NA19239.1.D07" 0.36682380358071 0.522509323408281 0.11066687301101
"NA19239.1.D08" 0.770791359523332 0.140664683094647 0.0885439573820219
"NA19239.1.D09" 0.717784458112294 0.171464529447078 0.110751012440628
"NA19239.1.D10" 0.620680260983816 0.27557967429523 0.103740064720954
"NA19239.1.D11" 0.725840729225006 0.162120858561757 0.112038412213236
"NA19239.1.D12" 0.580109289612922 0.318433065989933 0.101457644397146
"NA19239.1.E01" 0.742252840828209 0.155960172629132 0.101786986542659
"NA19239.1.E02" 0.812400574952395 0.0922666226341521 0.0953328024134531
"NA19239.1.E03" 0.708560871342182 0.187567251580091 0.103871877077727
"NA19239.1.E04" 0.715065326706262 0.176995239830661 0.107939433463078
"NA19239.1.E05" 0.480349107085315 0.359164888143365 0.16048600477132
"NA19239.1.E06" 0.648853256944622 0.22814865128075 0.122998091774628
"NA19239.1.E07" 0.710805887865524 0.196609388631919 0.0925847235025573
"NA19239.1.E08" 0.790362057358839 0.116664412656678 0.0929735299844831
"NA19239.1.E09" 0.749171495118499 0.148663701660137 0.102164803221364
"NA19239.1.E10" 0.663611196781936 0.237427765884986 0.098961037333078
"NA19239.1.E11" 0.723222192496355 0.179707244313621 0.097070563190024
"NA19239.1.E12" 0.795732244260616 0.0948118645408198 0.109455891198564
"NA19239.1.F01" 0.710514934888176 0.193328160674184 0.0961569044376406
"NA19239.1.F02" 0.670974180401837 0.234710937053319 0.0943148825448444
"NA19239.1.F03" 0.654870931346996 0.255756348276372 0.0893727203766326
"NA19239.1.F04" 0.729000950539692 0.176675033562122 0.0943240158981855
"NA19239.1.F05" 0.292000391028868 0.618226831371147 0.0897727775999852
"NA19239.1.F06" 0.711120649816094 0.199112118981405 0.0897672312025018
"NA19239.1.F07" 0.725563961605133 0.170212643324449 0.104223395070418
"NA19239.1.F08" 0.709717420218207 0.188083183752409 0.102199396029384
"NA19239.1.F09" 0.727681788759396 0.183426846160851 0.0888913650797529
"NA19239.1.F10" 0.769230631119151 0.129785109226493 0.100984259654356
"NA19239.1.F11" 0.677974056053223 0.207059585100214 0.114966358846563
"NA19239.1.F12" 0.742643752413881 0.136801155397595 0.120555092188524
"NA19239.1.G01" 0.666857068768097 0.223438139351434 0.109704791880469
"NA19239.1.G02" 0.644462881387915 0.24699743819604 0.108539680416044
"NA19239.1.G03" 0.692304730598826 0.202863800466198 0.104831468934975
"NA19239.1.G04" 0.641870211150053 0.236993686790592 0.121136102059354
"NA19239.1.G05" 0.44301459213098 0.422986066598646 0.133999341270373
"NA19239.1.G06" 0.671042114129118 0.200824121451075 0.128133764419807
"NA19239.1.G07" 0.594968619415579 0.298676125440171 0.106355255144249
"NA19239.1.G08" 0.538160970847959 0.327368015089311 0.134471014062731
"NA19239.1.G09" 0.675310049018475 0.198231745662189 0.126458205319337
"NA19239.1.G10" 0.741115945009387 0.138363797456607 0.120520257534006
"NA19239.1.G11" 0.731717413662989 0.168230832380758 0.100051753956253
"NA19239.1.G12" 0.69672337867731 0.202472945443076 0.100803675879613
"NA19239.1.H01" 0.638851784765244 0.262486397352435 0.0986618178823218
"NA19239.1.H03" 0.720736108586199 0.174664291988631 0.104599599425171
"NA19239.1.H04" 0.626193605080621 0.257583966918081 0.116222428001298
"NA19239.1.H05" 0.653095490708687 0.211144278503357 0.135760230787956
"NA19239.1.H06" 0.718264449261677 0.173978695023636 0.107756855714687
"NA19239.1.H07" 0.737429290685297 0.157691544674436 0.104879164640267
"NA19239.1.H08" 0.622029572219615 0.268503767945234 0.109466659835151
"NA19239.1.H09" 0.581154531229409 0.314374588943696 0.104470879826895
"NA19239.1.H10" 0.778434410386965 0.127017057410778 0.0945485322022576
"NA19239.1.H11" 0.830775936946974 0.0521989097865764 0.11702515326645
"NA19239.1.H12" 0.790904452114684 0.0631548826374782 0.145940665247838
"NA19239.2.A01" 0.679965589149536 0.225854260519065 0.0941801503313991
"NA19239.2.A02" 0.811180113413089 0.0593326983350321 0.129487188251878
"NA19239.2.A04" 0.743384604598896 0.163474095337183 0.093141300063921
"NA19239.2.A05" 0.751344877339173 0.153092987294624 0.0955621353662031
"NA19239.2.A06" 0.776313488608789 0.110079443485009 0.113607067906202
"NA19239.2.A07" 0.837009994281644 0.0310147933627779 0.131975212355578
"NA19239.2.A08" 0.809786975948118 0.0566315469258548 0.133581477126027
"NA19239.2.A09" 0.808682574192852 0.0797313652468579 0.11158606056029
"NA19239.2.A10" 0.479327929525193 0.340907282641968 0.179764787832839
"NA19239.2.A11" 0.811464339044446 0.0619226146734541 0.1266130462821
"NA19239.2.A12" 0.785238297830899 0.118596674193596 0.0961650279755056
"NA19239.2.B01" 0.288543837367738 0.616865603667877 0.094590558964385
"NA19239.2.B02" 0.759220210018445 0.128018589453863 0.112761200527692
"NA19239.2.B03" 0.371982492792115 0.535153064810607 0.092864442397278
"NA19239.2.B04" 0.814511390571111 0.0755285066631703 0.109960102765719
"NA19239.2.B05" 0.701395669962533 0.157491735409652 0.141112594627815
"NA19239.2.B06" 0.80245416051907 0.0922464573140858 0.105299382166844
"NA19239.2.B07" 0.811279661589772 0.0853470803757396 0.103373258034488
"NA19239.2.B08" 0.669398206556203 0.225001784806544 0.105600008637254
"NA19239.2.B09" 0.836532420387366 0.0323860978727073 0.131081481739926
"NA19239.2.B11" 0.281120342568167 0.609284013677341 0.109595643754491
"NA19239.2.B12" 0.79515130011409 0.101852803645855 0.102995896240054
"NA19239.2.C02" 0.615679439350838 0.285389455845315 0.0989311048038471
"NA19239.2.C03" 0.359900033737043 0.522653954809334 0.117446011453623
"NA19239.2.C04" 0.794705811749883 0.0897329863232838 0.115561201926834
"NA19239.2.C05" 0.604627469808741 0.303563078989765 0.0918094512014934
"NA19239.2.C06" 0.379750661190275 0.539848302146345 0.0804010366633805
"NA19239.2.C07" 0.80329687747016 0.0821454366616066 0.114557685868233
"NA19239.2.C08" 0.321824441890348 0.546758534571724 0.131417023537928
"NA19239.2.C09" 0.801645316697156 0.106021752187474 0.0923329311153695
"NA19239.2.C11" 0.804600131743766 0.0715873910724659 0.123812477183769
"NA19239.2.C12" 0.700378081271565 0.198248013823969 0.101373904904467
"NA19239.2.D01" 0.636614612507825 0.265351098099167 0.0980342893930074
"NA19239.2.D02" 0.809479754912934 0.0860644724083627 0.104455772678703
"NA19239.2.D03" 0.666896791907049 0.224441532981115 0.108661675111835
"NA19239.2.D04" 0.849194758162576 0.0486685096762827 0.102136732161141
"NA19239.2.D05" 0.754272524321675 0.143249862221073 0.102477613457252
"NA19239.2.D06" 0.762259336057344 0.141542526278193 0.0961981376644623
"NA19239.2.D07" 0.244481465331525 0.665754239023153 0.0897642956453218
"NA19239.2.D08" 0.536114548652095 0.340364279537934 0.123521171809971
"NA19239.2.D09" 0.311964446993892 0.574551922373171 0.113483630632937
"NA19239.2.D11" 0.805376733574159 0.0970901994340195 0.0975330669918221
"NA19239.2.D12" 0.149670760071826 0.753508756907029 0.0968204830211441
"NA19239.2.E01" 0.716379160895633 0.190691803866654 0.0929290352377131
"NA19239.2.E02" 0.815060916596717 0.0928536235605549 0.0920854598427285
"NA19239.2.E04" 0.789951493793568 0.111366427442876 0.0986820787635568
"NA19239.2.E05" 0.795673821677789 0.100557418719665 0.103768759602546
"NA19239.2.E06" 0.826491910540185 0.0678008595883065 0.105707229871509
"NA19239.2.E07" 0.751041630694001 0.159204244539638 0.0897541247663609
"NA19239.2.E08" 0.762902263475888 0.143948256142148 0.093149480381964
"NA19239.2.E09" 0.24918545770246 0.673078289219282 0.0777362530782574
"NA19239.2.E11" 0.744586216913409 0.153318652534502 0.102095130552088
"NA19239.2.E12" 0.671240512727945 0.238759110809395 0.09000037646266
"NA19239.2.F01" 0.743833059419315 0.160909421261988 0.0952575193186974
"NA19239.2.F02" 0.658274582445889 0.231466980305817 0.110258437248293
"NA19239.2.F03" 0.641628805190337 0.266942189159894 0.091429005649769
"NA19239.2.F04" 0.251341544831043 0.64062763298064 0.108030822188318
"NA19239.2.F05" 0.705353845609145 0.187096624706773 0.107549529684082
"NA19239.2.F06" 0.311492106799889 0.59956440545737 0.0889434877427414
"NA19239.2.F07" 0.341130282929628 0.565077593252088 0.0937921238182841
"NA19239.2.F08" 0.793259021287075 0.106000877686935 0.10074010102599
"NA19239.2.F09" 0.635894998163373 0.267571364549797 0.0965336372868301
"NA19239.2.F10" 0.767918310250786 0.119679283524923 0.112402406224291
"NA19239.2.F11" 0.78312777410498 0.114161054778459 0.10271117111656
"NA19239.2.F12" 0.375415826540323 0.531690478160179 0.0928936952994977
"NA19239.2.G01" 0.767053363381213 0.120326401380185 0.112620235238603
"NA19239.2.G02" 0.740054461573873 0.150782401686381 0.109163136739746
"NA19239.2.G03" 0.364735781560093 0.517273418978709 0.117990799461198
"NA19239.2.G04" 0.782345834863353 0.105800706875041 0.111853458261606
"NA19239.2.G05" 0.802913648220959 0.0995311946146345 0.0975551571644067
"NA19239.2.G06" 0.729774764361791 0.162421136760643 0.107804098877567
"NA19239.2.G07" 0.722142589370652 0.183385992567094 0.094471418062254
"NA19239.2.G08" 0.499330792424777 0.396717828334622 0.103951379240601
"NA19239.2.G09" 0.871591024976539 0.0296191241716071 0.0987898508518541
"NA19239.2.G10" 0.841667407887107 0.0599124056978699 0.0984201864150235
"NA19239.2.G11" 0.870607505892691 0.000435740452141897 0.128956753655167
"NA19239.2.G12" 0.799332850973989 0.0824465674632035 0.118220581562807
"NA19239.2.H01" 0.782102551215958 0.113855353931469 0.104042094852574
"NA19239.2.H02" 0.361532845985711 0.542676850656074 0.0957903033582155
"NA19239.2.H03" 0.29119399295193 0.612632123705407 0.0961738833426631
"NA19239.2.H04" 0.77718809019129 0.108521893263666 0.114290016545044
"NA19239.2.H05" 0.542938699612516 0.356693662534221 0.100367637853262
"NA19239.2.H06" 0.71318951055897 0.184227166134849 0.102583323306181
"NA19239.2.H07" 0.386093179400824 0.504109429965297 0.109797390633879
"NA19239.2.H08" 0.786350813883248 0.102177195536245 0.111471990580507
"NA19239.2.H09" 0.710624562551826 0.183962423365358 0.105413014082815
"NA19239.2.H10" 0.858143852828992 0.0260234351883827 0.115832711982625
"NA19239.2.H11" 0.744607949240575 0.0893858471116594 0.166006203647766
"NA19239.2.H12" 0.797119696410001 0.108489757858175 0.0943905457318237
"NA19239.3.A02" 0.677031708045446 0.207345429281007 0.115622862673547
"NA19239.3.A03" 0.703290709187821 0.185867326699512 0.110841964112667
"NA19239.3.A04" 0.705590636590122 0.185990217432304 0.108419145977573
"NA19239.3.A05" 0.715789786361738 0.185511089084242 0.0986991245540202
"NA19239.3.A06" 0.69429171612536 0.19353226295529 0.11217602091935
"NA19239.3.A07" 0.749985083085322 0.139552370751482 0.110462546163196
"NA19239.3.A08" 0.4431317044644 0.454792087059857 0.102076208475743
"NA19239.3.A09" 0.716892809317726 0.181977244392392 0.101129946289882
"NA19239.3.A10" 0.577543065164478 0.335135521631353 0.0873214132041696
"NA19239.3.A11" 0.477479794847243 0.45457477493309 0.0679454302196667
"NA19239.3.A12" 0.721526234561996 0.181117260268798 0.0973565051692066
"NA19239.3.B01" 0.584044472910476 0.321939333406595 0.0940161936829284
"NA19239.3.B02" 0.601736285979882 0.304606900502274 0.0936568135178441
"NA19239.3.B03" 0.764771094868362 0.122520193675472 0.112708711456166
"NA19239.3.B04" 0.641862498684249 0.254175066964691 0.10396243435106
"NA19239.3.B05" 0.649464559440673 0.250941867277544 0.0995935732817834
"NA19239.3.B06" 0.670475061030833 0.21823398598821 0.111290952980957
"NA19239.3.B07" 0.638662306536307 0.246355795073406 0.114981898390287
"NA19239.3.B10" 0.674631570628074 0.229619413588098 0.0957490157838287
"NA19239.3.B11" 0.672122901730532 0.220238014639462 0.107639083630006
"NA19239.3.B12" 0.677392314687033 0.22061274293939 0.101994942373577
"NA19239.3.C01" 0.879571305386218 9.19311791287153e-05 0.120336763434653
"NA19239.3.C02" 0.606669115175014 0.302190243518344 0.0911406413066421
"NA19239.3.C03" 0.71122618772904 0.185680134482055 0.103093677788905
"NA19239.3.C06" 0.65562790262423 0.225406742431198 0.118965354944572
"NA19239.3.C07" 0.164166756739773 0.717011522012325 0.118821721247903
"NA19239.3.C08" 0.674111974092887 0.225732064921507 0.100155960985606
"NA19239.3.C09" 0.754640607430309 0.121904264719434 0.123455127850257
"NA19239.3.C10" 0.65910745732242 0.238863485401366 0.102029057276214
"NA19239.3.C11" 0.721976800187828 0.175417387317986 0.102605812494187
"NA19239.3.C12" 0.707495416796641 0.173972701699316 0.118531881504043
"NA19239.3.D01" 0.667474108354504 0.22753356171741 0.104992329928086
"NA19239.3.D02" 0.741389996160533 0.154254948877522 0.104355054961945
"NA19239.3.D03" 0.687940383991959 0.215659500365677 0.096400115642364
"NA19239.3.D04" 0.605899260304553 0.258214133285907 0.13588660640954
"NA19239.3.D05" 0.713860183857316 0.179450396647914 0.10668941949477
"NA19239.3.D06" 0.716255363365794 0.189748681595917 0.093995955038289
"NA19239.3.D07" 0.611927243715349 0.272616179426847 0.115456576857804
"NA19239.3.D08" 0.636299826651298 0.267331571413915 0.0963686019347868
"NA19239.3.D09" 0.654842306297267 0.221874665555111 0.123283028147622
"NA19239.3.D10" 0.714130851576754 0.161463480893237 0.124405667530009
"NA19239.3.D12" 0.654680279843864 0.246694002525519 0.0986257176306167
"NA19239.3.E01" 0.357416758173753 0.543781410706406 0.0988018311198419
"NA19239.3.E02" 0.639716819622275 0.261023658518014 0.0992595218597109
"NA19239.3.E05" 0.724255728743815 0.171767837890496 0.103976433365689
"NA19239.3.E06" 0.687377868642721 0.214913651851105 0.0977084795061737
"NA19239.3.E07" 0.711345353437778 0.192004402381111 0.0966502441811106
"NA19239.3.E08" 0.707051652464457 0.195637165070477 0.0973111824650661
"NA19239.3.E09" 0.652924341902865 0.24348468499522 0.103590973101915
"NA19239.3.E10" 0.718846617757891 0.174697648043676 0.106455734198433
"NA19239.3.E11" 0.744167412695026 0.135466986691303 0.12036560061367
"NA19239.3.E12" 0.251179005306001 0.640327299012789 0.10849369568121
"NA19239.3.F01" 0.711319203697418 0.184092536124628 0.104588260177954
"NA19239.3.F02" 0.583923244904219 0.306079621690366 0.109997133405415
"NA19239.3.F03" 0.711374227205513 0.190793572161218 0.0978322006332688
"NA19239.3.F04" 0.570370363118745 0.305963786050396 0.123665850830858
"NA19239.3.F05" 0.74290972162367 0.154817223857227 0.102273054519103
"NA19239.3.F06" 0.651510894219333 0.249218367316861 0.0992707384638062
"NA19239.3.F07" 0.738950523286001 0.154617910527928 0.10643156618607
"NA19239.3.F08" 0.70527253765546 0.19390537036104 0.100822091983499
"NA19239.3.F09" 0.755038359008189 0.13910867401779 0.105852966974021
"NA19239.3.F10" 0.593341968928171 0.310724055551822 0.0959339755200064
"NA19239.3.F11" 0.714431715359085 0.17369236670955 0.111875917931365
"NA19239.3.F12" 0.744619367096021 0.145525865657027 0.109854767246952
"NA19239.3.G01" 0.637475254748054 0.217187438172178 0.145337307079769
"NA19239.3.G02" 0.718845249997675 0.169496210895024 0.111658539107301
"NA19239.3.G03" 0.662438610554761 0.228087214113139 0.1094741753321
"NA19239.3.G05" 0.69861871927616 0.200249893070938 0.101131387652902
"NA19239.3.G06" 0.705826675440601 0.177594470809504 0.116578853749895
"NA19239.3.G07" 0.733077488382539 0.161027951397376 0.105894560220085
"NA19239.3.G08" 0.70851958115334 0.189533353541302 0.101947065305359
"NA19239.3.G09" 0.791541408470323 0.0967970330733727 0.111661558456304
"NA19239.3.G11" 0.737111203640557 0.155305186046099 0.107583610313344
"NA19239.3.G12" 0.634584173691705 0.227779937341656 0.137635888966638
"NA19239.3.H01" 0.690683298721581 0.181667225418313 0.127649475860106
"NA19239.3.H03" 0.706163737064333 0.182483918111489 0.111352344824178
"NA19239.3.H04" 0.728863521527427 0.158729049229002 0.112407429243571
"NA19239.3.H05" 0.68639684050873 0.203546629037803 0.110056530453467
"NA19239.3.H06" 0.711769230485679 0.18636908824784 0.101861681266481
"NA19239.3.H07" 0.720656234860784 0.17539305654188 0.103950708597336
"NA19239.3.H08" 0.610663928684253 0.290778471289219 0.0985576000265271
"NA19239.3.H09" 0.760537175431301 0.116532709276224 0.122930115292475
"NA19239.3.H11" 0.671639304899849 0.218042094811742 0.110318600288409
"NA19239.3.H12" 0.74200634552922 0.155317287511702 0.102676366959079
"NA19101.1.A01" 0.202638903036441 0.688850688172528 0.108510408791031
"NA19101.1.A02" 0.677003109049734 0.21269295120861 0.110303939741655
"NA19101.1.A03" 0.780177254675353 0.112189730891795 0.107633014432852
"NA19101.1.A04" 0.66270200967319 0.247366938282169 0.0899310520446407
"NA19101.1.A05" 0.759486790181461 0.137764200143896 0.102749009674643
"NA19101.1.A06" 0.806243576926196 0.0741237685756562 0.119632654498148
"NA19101.1.A07" 0.798830274876731 0.064881401101119 0.13628832402215
"NA19101.1.A08" 0.570998936825184 0.321981471184951 0.107019591989866
"NA19101.1.A09" 0.838321237030821 0.0295849042150981 0.132093858754081
"NA19101.1.A10" 0.772345150137639 0.122906173179454 0.104748676682907
"NA19101.1.A11" 0.579848071911613 0.314963944566701 0.105187983521686
"NA19101.1.A12" 0.147440808615013 0.739569112007571 0.112990079377416
"NA19101.1.B01" 0.121200089648021 0.79083320203443 0.0879667083175495
"NA19101.1.B02" 0.77567846121073 0.094629689689558 0.129691849099712
"NA19101.1.B03" 0.820210193600605 0.0613788846324777 0.118410921766917
"NA19101.1.B04" 0.776248136368758 0.118950569399122 0.104801294232121
"NA19101.1.B05" 0.70142027474999 0.187334758504608 0.111244966745402
"NA19101.1.B06" 0.0924223401778594 0.80413616501727 0.10344149480487
"NA19101.1.B07" 0.721566693082771 0.166484538381599 0.11194876853563
"NA19101.1.B08" 0.719455319483254 0.147789337682107 0.132755342834639
"NA19101.1.B09" 0.788224725770427 0.111847545293981 0.0999277289355919
"NA19101.1.B10" 0.826235986430645 0.070472718566586 0.103291295002769
"NA19101.1.B11" 0.766098573210933 0.124522851197134 0.109378575591934
"NA19101.1.B12" 0.7519255058475 0.133763172848709 0.114311321303791
"NA19101.1.C01" 0.672600022014156 0.215927188649503 0.111472789336341
"NA19101.1.C02" 0.642112079391586 0.238529761716911 0.119358158891503
"NA19101.1.C03" 0.779447914376804 0.108271081922841 0.112281003700355
"NA19101.1.C04" 0.678076812205635 0.219280213528611 0.102642974265753
"NA19101.1.C05" 0.613468873435403 0.288271961358368 0.0982591652062293
"NA19101.1.C06" 0.802354800228583 0.087104196256648 0.110541003514769
"NA19101.1.C07" 0.675911501194549 0.216385704279758 0.107702794525693
"NA19101.1.C08" 0.678407620887978 0.19164679521428 0.129945583897742
"NA19101.1.C09" 0.730370326470126 0.170098183331997 0.0995314901978767
"NA19101.1.C10" 0.77685196771593 0.114509361261814 0.108638671022255
"NA19101.1.C11" 0.695325696015298 0.185004696399164 0.119669607585538
"NA19101.1.C12" 0.748993046248474 0.138242256390284 0.112764697361242
"NA19101.1.D01" 0.464093920183215 0.448918587813804 0.0869874920029817
"NA19101.1.D02" 0.711046144368893 0.183973359214771 0.104980496416336
"NA19101.1.D03" 0.754398144906866 0.143233020266357 0.102368834826777
