"1" "2" "3" "4" "5"
"NA19239.1.A01" 0.116601305662155 0.716072818238124 0.00250218620368609 0.12221635384862 0.0426073360474155
"NA19239.1.A02" 0.106638243205406 0.700526688980419 0.024126669183492 0.143416088883903 0.0252923097467796
"NA19239.1.A04" 0.470499013006489 0.176405548271392 0.0856917697968927 0.123331467210373 0.144072201714853
"NA19239.1.A05" 0.788003236764447 0.164719603497158 0.0237135383085 0.00248538109448098 0.021078240335414
"NA19239.1.A06" 0.290989492383901 0.663204830445168 0.00400064806072532 0.0293669221562703 0.0124381069539354
"NA19239.1.A07" 0.248915931116765 0.0967032070125147 0.402609373218671 0.155467632364847 0.0963038562872021
"NA19239.1.A09" 0.347957800118656 0.150881869568922 0.331860052118906 0.165542942506897 0.00375733568661885
"NA19239.1.A10" 0.0832344744730033 0.0287248646447757 0.417643090567249 0.0818895695785706 0.388508000736402
"NA19239.1.A11" 0.330973725268133 0.160077638053312 0.271729365509031 0.0264942587967897 0.210725012372735
"NA19239.1.A12" 0.147112209826288 0.00721299516716571 0.272657567902505 0.434619799675684 0.138397427428357
"NA19239.1.B01" 0.104134140535972 0.552627217793554 0.116735942246028 0.158174946598607 0.0683277528258376
"NA19239.1.B02" 0.0995254502308171 0.613639774180444 0.138893902041086 0.133552917195162 0.0143879563524901
"NA19239.1.B03" 0.0171002324757815 0.84898794166329 0.0106687711927356 0.100323556372529 0.0229194982956638
"NA19239.1.B04" 0.512566747370205 0.40670551692978 0.0276243591080694 0.044390535010746 0.00871284158119949
"NA19239.1.B06" 0.0998026816621429 0.0810751657601231 0.00143131146566678 0.431443406864622 0.386247434247445
"NA19239.1.B09" 0.252222897534916 0.113373456759755 0.352091381336911 0.281130286463728 0.00118197790468932
"NA19239.1.B10" 0.309780230180878 0.130388546739555 0.231859752081256 0.0217485528078913 0.30622291819042
"NA19239.1.B11" 0.21441711982723 0.00608139050914033 0.178350859681292 0.595049405897932 0.00610122408440646
"NA19239.1.B12" 0.0564255667628959 0.0589717027694107 0.233802484204171 0.487717188111491 0.163083058152032
"NA19239.1.C01" 0.0578565635216602 0.589861698635113 0.138207442719797 0.172233921922496 0.0418403732009335
"NA19239.1.C02" 0.0681837471584992 0.807183539646651 0.00207661096388973 0.116694406560188 0.00586169567077212
"NA19239.1.C03" 0.0136227542127748 0.392456050061862 0.139656637646442 0.0498432191684779 0.404421338910444
"NA19239.1.C04" 0.693911093251805 0.0793175996797048 0.00880430117550911 0.0873405063938238 0.130626499499158
"NA19239.1.C05" 0.411018915139795 0.0452993124621291 0.162771747101126 0.113268916003836 0.267641109293114
"NA19239.1.C06" 0.69444836712188 0.114677118994749 0.0520405598921965 0.0019106732749462 0.136923280716228
"NA19239.1.C07" 0.310944484978438 0.170505433656279 0.501459746116154 0.0110210578111256 0.00606927743800403
"NA19239.1.C08" 0.294604896952931 0.20355111519949 0.43333425696107 0.0634873264926861 0.00502240439382278
"NA19239.1.C09" 0.303542941660716 0.463008598626614 0.214892889039564 0.0156494343383688 0.00290613633473731
"NA19239.1.C10" 0.297898535761811 0.293384898665422 0.3496948387987 0.0439904684801509 0.0150312582939161
"NA19239.1.C11" 0.380252421949399 0.168945873243986 0.248215339488541 0.0895803422361049 0.113006023081969
"NA19239.1.C12" 0.0202909724503874 0.13759936657881 0.414264845615424 0.255500451693036 0.172344363662343
"NA19239.1.D01" 0.000780229159507567 0.364812240211811 0.00182916624165411 0.451002691269411 0.181575673117616
"NA19239.1.D02" 0.0592415937870273 0.826135988534074 0.00999756592808316 0.0707108499805033 0.033914001770312
"NA19239.1.D03" 0.00264814963187196 0.290399289197466 0.123917271316388 0.00205026447198328 0.580985025382291
"NA19239.1.D04" 0.514927657567047 0.21601749774446 0.0323884244515471 0.105935353853125 0.130731066383821
"NA19239.1.D05" 0.372955316250623 0.431049924999892 0.18295205070862 0.00131242117644929 0.0117302868644163
"NA19239.1.D06" 0.573933911053933 0.330202003636613 0.00214673044109939 0.038639772588681 0.0550775822796734
"NA19239.1.D07" 0.205957158430425 0.00165700018019629 0.48618631580872 0.177555566443854 0.128643959136805
"NA19239.1.D08" 0.25027359077379 0.00452359768661413 0.41828397595268 0.100247104456594 0.226671731130322
"NA19239.1.D09" 0.0846310472632852 0.0248521649264298 0.0617931110495034 0.826895737571587 0.00182793918919477
"NA19239.1.D10" 0.258986890673426 0.3452203728904 0.297766877838506 0.0363631682134737 0.0616626903841951
"NA19239.1.D11" 0.254161652986468 0.0106353821254699 0.248912807935751 0.00111387773017867 0.485176279222132
"NA19239.1.D12" 0.416355736462766 0.185906636777547 0.210287653055426 0.0192816550339969 0.168168318670264
"NA19239.1.E01" 0.00669054539158431 0.079564503419947 0.00165189948426244 0.911612567994752 0.000480483709454258
"NA19239.1.E02" 0.194745243052207 0.468334158624151 0.178282548364704 0.151127194507775 0.00751085545116264
"NA19239.1.E03" 0.00178537046068818 0.256980950834873 0.351760945209823 0.0254726554752343 0.364000078019382
"NA19239.1.E04" 0.668789301079751 0.165141513602254 0.00187132120377731 0.000651426762577776 0.16354643735164
"NA19239.1.E05" 0.343534082663156 0.000636344826664995 0.061437798525181 0.332633504301725 0.261758269683273
"NA19239.1.E06" 0.586826150041948 0.285148201070157 0.105749846908223 0.0157358691194641 0.0065399328602068
"NA19239.1.E07" 0.429302592325972 0.151947034598421 0.37471054798401 0.0373027710979417 0.00673705399365546
"NA19239.1.E08" 0.410856469103636 0.0785269556663341 0.448529232673096 0.0587687383642254 0.00331860419270833
"NA19239.1.E09" 0.292453994664364 0.190556043583261 0.441554573400151 0.0743480574716685 0.00108733088055466
"NA19239.1.E11" 0.39881628023886 0.035458818065715 0.374680123814889 0.0254270038551682 0.165617774025367
"NA19239.1.E12" 0.234227268071098 0.0412095936212449 0.320152493400089 0.338675531405065 0.0657351135025028
"NA19239.1.F01" 0.0751263672955057 0.497490588074835 0.247377711256499 0.0725648915293536 0.107440441843806
"NA19239.1.F02" 0.000975991103572067 0.849607125034383 0.031805771251624 0.0949198123793438 0.0226913002310772
"NA19239.1.F03" 0.0269486004552187 0.424915946357488 0.190133385973586 0.0961649059973622 0.261837161216345
"NA19239.1.F04" 0.6356206005869 0.281655747817153 0.0772591074763476 0.00430982045140612 0.00115472366819343
"NA19239.1.F05" 0.153356655498272 0.0129350130730704 0.000596517837860319 0.682059534522978 0.151052279067819
"NA19239.1.F06" 0.504765661562387 0.353106779825389 0.128245262088819 0.00637014661701529 0.00751214990638949
"NA19239.1.F07" 0.218680154858246 0.422445904880891 0.355774117366431 0.00170489032441844 0.00139493257001385
"NA19239.1.F08" 0.407105295211734 0.165797064794903 0.378370927049115 0.0469254306411417 0.00180128230310686
"NA19239.1.F09" 0.325461731736786 0.0403109575024068 0.322752673419585 0.272025786827458 0.039448850513764
"NA19239.1.F10" 0.144698052337286 0.0081202766061854 0.271063225401458 0.128561127474782 0.447557318180289
"NA19239.1.F11" 0.110556859025149 0.00210651462510277 0.182306748958464 0.0498660859396305 0.655163791451654
"NA19239.1.F12" 0.446670810895382 0.131376709809609 0.340706501967162 0.0651144941387923 0.0161314831890546
"NA19239.1.G01" 0.00260758069171388 0.125976257509303 0.0686884088078193 0.711749503004595 0.0909782499865692
"NA19239.1.G04" 0.794321693293212 0.0841830081036134 0.000846776783338152 0.0341213437355519 0.0865271780842841
"NA19239.1.G05" 0.586316344575636 0.00239298869047481 0.00112233296449457 0.0977065348993178 0.312461798870077
"NA19239.1.G06" 0.414342136254924 0.479310712970964 0.00340481456099286 0.0103262319786293 0.09261610423449
"NA19239.1.G07" 0.246245547517426 0.428817674190314 0.254019423197912 0.0310447003624038 0.0398726547319446
"NA19239.1.G08" 0.470809693371085 0.203374398056868 0.261707866133664 0.00241169792049614 0.0616963445178879
"NA19239.1.G09" 0.286587945722183 0.0790596537937962 0.375924080262912 0.191678186917283 0.0667501333038253
"NA19239.1.G10" 0.0918681826051104 0.00137012068713424 0.507856315675506 0.247288049413701 0.151617331618549
"NA19239.1.G11" 0.31478394286747 0.192079360879292 0.436396755556503 0.0232564895166452 0.0334834511800903
"NA19239.1.G12" 0.0231032560062086 0.0146880531133803 0.324834045942311 0.484986555219314 0.152388089718787
"NA19239.1.H01" 0.00102468225974236 0.278227246018162 0.0884320124642504 0.461122427598046 0.1711936316598
"NA19239.1.H02" 0.000539333013235107 0.291767138702609 0.0257487740039571 0.231497761543008 0.450446992737191
"NA19239.1.H03" 0.0206413060818681 0.290467673825023 0.0527251310994614 0.57000155980966 0.0661643291839872
"NA19239.1.H04" 0.252347920888044 0.00119040395139582 0.00145674529558407 0.00715236285500627 0.737852567009969
"NA19239.1.H06" 0.611308897708011 0.0852401559517597 0.130734506402046 0.0602177666410518 0.112498673297131
"NA19239.1.H08" 0.115899370229181 0.156483571122776 0.177367788247839 0.183380203879934 0.366869066520269
"NA19239.1.H09" 0.277956560763529 0.0997280202682518 0.139701574516569 0.336502214169559 0.146111630282092
"NA19239.1.H11" 0.212385813640555 0.0137664869430426 0.366453873956294 0.0121929661737405 0.395200859286368
